form	lemma	id	pos	pers	num	tense	mood	voice	gend	case	degree
δικαιώματα	δικαίωμα	1	n	-	p	-	-	-	n	a	-
μὲν	μέν	2	d	-	-	-	-	-	-	-	-
οὖν	οὖν	3	d	-	-	-	-	-	-	-	-
τάδε	ὅδε	4	a	-	p	-	-	-	n	a	_
πρὸς	πρός	5	r	-	-	-	-	-	-	-	-
ὑμᾶς	σύ	6	p	-	p	-	-	-	m	a	-
ἔχομεν	ἔχω	7	v	1	p	p	i	a	-	-	-
ἱκανὰ	ἱκανός	8	a	-	p	-	-	-	n	a	-
κατὰ	κατά	9	r	-	-	-	-	-	-	-	-
τοὺς	ὁ	10	l	-	p	-	-	-	m	a	-
Ἑλλήνων	Ἕλλην	11	n	-	p	-	-	-	m	g	-
νόμους	νόμος	12	n	-	p	-	-	-	m	a	-
,	punc1	13	u	-	-	-	-	-	-	-	-
παραίνεσιν	παραίνεσις	14	n	-	s	-	-	-	f	a	-
δὲ	δέ	15	c	-	-	-	-	-	-	-	-
καὶ	καί	16	c	-	-	-	-	-	-	-	-
ἀξίωσιν	ἀξίωσις	17	n	-	s	-	-	-	f	a	-
χάριτος	χάρις	18	n	-	s	-	-	-	f	g	-
τοιάνδε	τοιόσδε	19	a	-	s	-	-	-	f	a	_
,	punc1	20	u	-	-	-	-	-	-	-	-
ἣν	ὅς	21	p	-	s	-	-	-	f	a	-
οὐκ	οὐ	22	d	-	-	-	-	-	-	-	-
ἐχθροὶ	ἐχθρός	23	n	-	p	-	-	-	m	n	-
ὄντες	εἰμί	24	v	-	p	p	p	a	m	n	-
ὥστε	ὥστε	25	c	-	-	-	-	-	-	-	-
βλάπτειν	βλάπτω	26	v	-	-	p	n	a	-	-	-
οὐ	οὐ	27	d	-	-	-	-	-	-	-	-
-δ᾽	δέ	28	c	-	-	-	-	-	-	-	-
αὖ	αὖ	29	d	-	-	-	-	-	-	-	-
φίλοι	φίλος	30	n	-	p	-	-	-	m	n	-
ὥστ᾽	ὥστε	31	c	-	-	-	-	-	-	-	-
ἐπιχρῆσθαι	ἐπιχράομαι	32	v	-	-	p	n	e	-	-	-
,	punc1	33	u	-	-	-	-	-	-	-	-
ἀντιδοθῆναι	ἀντιδίδωμι	34	v	-	-	a	n	p	-	-	-
ἡμῖν	ἐγώ	35	p	1	p	-	-	-	m	d	-
ἐν	ἐν	36	r	-	-	-	-	-	-	-	-
τῷ	ὁ	37	l	-	s	-	-	-	n	d	-
παρόντι	πάρειμι1	38	v	-	s	p	p	a	n	d	-
φαμὲν	φημί	39	v	1	p	p	i	a	-	-	-
χρῆναι	χρή	40	v	-	-	p	n	a	-	-	-
.	punc1	41	u	-	-	-	-	-	-	-	-

νεῶν	νέα	1	n	-	p	-	-	-	f	g	-
γὰρ	γάρ	2	d	-	-	-	-	-	-	-	-
μακρῶν	μακρός	3	a	-	p	-	-	-	f	g	-
σπανίσαντές	σπανίζω	4	v	-	p	a	p	a	m	n	-
ποτε	ποτέ	5	d	-	-	-	-	-	-	-	-
πρὸς	πρός	6	r	-	-	-	-	-	-	-	-
τὸν	ὁ	7	l	-	s	-	-	-	m	a	-
Αἰγινητῶν	Αἰγινήτης	8	n	-	p	-	-	-	m	g	-
ὑπὲρ	ὑπέρ	9	r	-	-	-	-	-	-	-	-
τὰ	ὁ	10	l	-	p	-	-	-	n	a	-
Μηδικὰ	Μηδικός	11	a	-	p	-	-	-	n	a	-
πόλεμον	πόλεμος	12	n	-	s	-	-	-	m	a	-
παρὰ	παρά	13	r	-	-	-	-	-	-	-	-
Κορινθίων	Κορίνθιος	14	n	-	p	-	-	-	m	g	-
εἴκοσι	εἴκοσι	15	a	-	-	-	-	-	-	-	-
ναῦς	ναῦς	16	n	-	p	-	-	-	f	a	-
ἐλάβετε	λαμβάνω	17	v	2	p	a	i	a	-	-	-
:	punc1	18	u	-	-	-	-	-	-	-	-

καὶ	καί	1	d	-	-	-	-	-	-	-	-
ἡ	ὁ	2	l	-	s	-	-	-	f	n	-
εὐεργεσία	εὐεργεσία	3	n	-	s	-	-	-	f	n	-
αὕτη	οὗτος	4	a	-	s	-	-	-	f	n	_
τε	τε	5	d	-	-	-	-	-	-	-	-
καὶ	καί	6	c	-	-	-	-	-	-	-	-
ἡ	ὁ	7	l	-	s	-	-	-	f	n	-
ἐς	εἰς	8	r	-	-	-	-	-	-	-	-
Σαμίους	Σάμιος	9	n	-	p	-	-	-	m	a	-
,	punc1	10	u	-	-	-	-	-	-	-	-
τὸ	ὁ	11	l	-	s	-	-	-	n	n	-
δι᾽	διά	12	r	-	-	-	-	-	-	-	-
ἡμᾶς	ἐγώ	13	p	1	p	-	-	-	m	a	-
Πελοποννησίους	Πελοποννήσιοι	14	n	-	p	-	-	-	m	a	-
αὐτοῖς	αὐτός	15	p	-	p	-	-	-	m	d	-
μὴ	μή	16	d	-	-	-	-	-	-	-	-
βοηθῆσαι	βοηθέω	17	v	-	-	a	n	a	-	-	-
,	punc1	18	u	-	-	-	-	-	-	-	-
παρέσχεν	παρέχω	19	v	3	s	a	i	a	-	-	-
ὑμῖν	σύ	20	p	-	p	-	-	-	m	d	-
Αἰγινητῶν	Αἰγινήτης	21	n	-	p	-	-	-	m	g	-
μὲν	μέν	22	d	-	-	-	-	-	-	-	-
ἐπικράτησιν	ἐπικράτησις	23	n	-	s	-	-	-	f	a	-
,	punc1	24	u	-	-	-	-	-	-	-	-
Σαμίων	Σάμιος	25	n	-	p	-	-	-	m	g	-
δὲ	δέ	26	c	-	-	-	-	-	-	-	-
κόλασιν	κόλασις	27	n	-	s	-	-	-	f	a	-
,	punc1	28	u	-	-	-	-	-	-	-	-
καὶ	καί	29	c	-	-	-	-	-	-	-	-
ἐν	ἐν	30	r	-	-	-	-	-	-	-	-
καιροῖς	καιρός	31	n	-	p	-	-	-	m	d	-
τοιούτοις	τοιοῦτος	32	a	-	p	-	-	-	m	d	_
ἐγένετο	γίγνομαι	33	v	3	s	a	i	m	-	-	-
οἷς	ὅς	34	p	-	p	-	-	-	m	d	-
μάλιστα	μάλιστα	35	d	-	-	-	-	-	-	-	-
ἄνθρωποι	ἄνθρωπος	36	n	-	p	-	-	-	m	n	-
ἐπ᾽	ἐπί	37	r	-	-	-	-	-	-	-	-
ἐχθροὺς	ἐχθρός	38	a	-	p	-	-	-	m	a	-
τοὺς	ὁ	39	l	-	p	-	-	-	m	a	-
σφετέρους	σφέτερος	40	a	-	p	-	-	-	m	a	-
ἰόντες	εἰμί	41	v	-	p	p	p	a	m	n	-
τῶν	ὁ	42	l	-	p	-	-	-	n	g	-
ἁπάντων	ἅπας	43	a	-	p	-	-	-	n	g	-
ἀπερίοπτοί	ἀπερίοπτος	44	a	-	p	-	-	-	m	n	-
εἰσι	εἰμί	45	v	3	p	p	i	a	-	-	-
παρὰ	παρά	46	r	-	-	-	-	-	-	-	-
τὸ	ὁ	47	l	-	s	-	-	-	n	a	-
νικᾶν	νικάω	48	v	-	-	p	n	a	-	-	-
:	punc1	49	u	-	-	-	-	-	-	-	-

φίλον	φίλος	1	n	-	s	-	-	-	m	a	-
τε	τε	2	d	-	-	-	-	-	-	-	-
γὰρ	γάρ	3	d	-	-	-	-	-	-	-	-
ἡγοῦνται	ἡγέομαι	4	v	3	p	p	i	m	-	-	-
τὸν	ὁ	5	l	-	s	-	-	-	m	a	-
ὑπουργοῦντα	ὑπουργέω	6	v	-	s	p	p	a	m	a	-
,	punc1	7	u	-	-	-	-	-	-	-	-
ἢν	ἐάν	8	c	-	-	-	-	-	-	-	-
καὶ	καί	9	d	-	-	-	-	-	-	-	-
πρότερον	πρότερος	10	a	-	s	-	-	-	n	a	-
ἐχθρὸς	ἐχθρός	11	a	-	s	-	-	-	m	n	-
ᾖ	εἰμί	12	v	3	s	p	s	a	-	-	-
,	punc1	13	u	-	-	-	-	-	-	-	-
πολέμιόν	πολέμιος	14	n	-	s	-	-	-	m	a	-
τε	τε	15	c	-	-	-	-	-	-	-	-
τὸν	ὁ	16	l	-	s	-	-	-	m	a	-
ἀντιστάντα	ἀνθίστημι	17	v	-	s	p	p	a	m	a	-
,	punc1	18	u	-	-	-	-	-	-	-	-
ἢν	ἐάν	19	c	-	-	-	-	-	-	-	-
καὶ	καί	20	d	-	-	-	-	-	-	-	-
τύχῃ	τυγχάνω	21	v	3	s	a	s	a	-	-	-
φίλος	φίλος	22	n	-	s	-	-	-	m	n	-
ὤν	εἰμί	23	v	-	s	p	p	a	m	n	-
,	punc1	24	u	-	-	-	-	-	-	-	-
ἐπεὶ	ἐπεί	25	c	-	-	-	-	-	-	-	-
καὶ	καί	26	d	-	-	-	-	-	-	-	-
τὰ	ὁ	27	l	-	p	-	-	-	n	a	-
οἰκεῖα	οἰκεῖος	28	a	-	p	-	-	-	n	a	-
χεῖρον	χείρων	29	a	-	s	-	-	-	n	a	c
τίθενται	τίθημι	30	v	3	p	p	i	e	-	-	-
φιλονικίας	φιλονεικία	31	n	-	s	-	-	-	f	g	-
ἕνεκα	ἕνεκα	32	r	-	-	-	-	-	-	-	-
τῆς	ὁ	33	l	-	s	-	-	-	f	g	-
αὐτίκα	αὐτίκα	34	d	-	-	-	-	-	-	-	-
.	punc1	35	u	-	-	-	-	-	-	-	-

ὧν	ὅς	1	p	-	p	-	-	-	n	g	-
ἐνθυμηθέντες	ἐνθυμέομαι	2	v	-	p	a	p	e	m	n	-
καὶ	καί	3	d	-	-	-	-	-	-	-	-
νεώτερός	νεώτερος	4	a	-	s	-	-	-	m	n	-
τις	τις	5	a	-	s	-	-	-	m	n	_
παρὰ	παρά	6	r	-	-	-	-	-	-	-	-
πρεσβυτέρου	πρέσβυς	7	a	-	s	-	-	-	m	g	c
αὐτὰ	αὐτός	8	p	-	p	-	-	-	n	a	-
μαθὼν	μανθάνω	9	v	-	s	a	p	a	m	n	-
ἀξιούτω	ἀξιόω	10	v	3	s	p	m	a	-	-	-
τοῖς	ὁ	11	l	-	p	-	-	-	n	d	-
ὁμοίοις	ὅμοιος	12	a	-	p	-	-	-	n	d	-
ἡμᾶς	ἐγώ	13	p	1	p	-	-	-	m	a	-
ἀμύνεσθαι	ἀμύνω	14	v	-	-	p	n	e	-	-	-
,	punc1	15	u	-	-	-	-	-	-	-	-
καὶ	καί	16	c	-	-	-	-	-	-	-	-
μὴ	μή	17	d	-	-	-	-	-	-	-	-
νομίσῃ	νομίζω	18	v	3	s	a	s	a	-	-	-
δίκαια	δίκαιος	19	a	-	p	-	-	-	n	a	-
μὲν	μέν	20	d	-	-	-	-	-	-	-	-
τάδε	ὅδε	21	a	-	p	-	-	-	n	a	_
λέγεσθαι	λέγω3	22	v	-	-	p	n	e	-	-	-
,	punc1	23	u	-	-	-	-	-	-	-	-
ξύμφορα	σύμφορος	24	a	-	p	-	-	-	n	a	-
δέ	δέ	25	c	-	-	-	-	-	-	-	-
,	punc1	26	u	-	-	-	-	-	-	-	-
εἰ	εἰ	27	c	-	-	-	-	-	-	-	-
πολεμήσει	πολεμέω	28	v	3	s	f	i	a	-	-	-
,	punc1	29	u	-	-	-	-	-	-	-	-
ἄλλα	ἄλλος	30	p	-	p	-	-	-	n	a	-
εἶναι	εἰμί	31	v	-	-	p	n	a	-	-	-
.	punc1	32	u	-	-	-	-	-	-	-	-

τό	ὁ	1	l	-	s	-	-	-	n	n	-
τε	τε	2	d	-	-	-	-	-	-	-	-
γὰρ	γάρ	3	d	-	-	-	-	-	-	-	-
ξυμφέρον	συμφέρω	4	v	-	s	p	p	a	n	n	-
ἐν	ἐν	5	r	-	-	-	-	-	-	-	-
ᾧ	ὅς	6	p	-	s	-	-	-	n	d	-
ἄν	ἄν1	7	d	-	-	-	-	-	-	-	-
τις	τις	8	p	-	s	-	-	-	m	n	-
ἐλάχιστα	ἐλάχιστος	9	a	-	p	-	-	-	n	a	-
ἁμαρτάνῃ	ἁμαρτάνω	10	v	3	s	p	s	a	-	-	-
μάλιστα	μάλιστα	11	d	-	-	-	-	-	-	-	-
ἕπεται	ἕπομαι	12	v	3	s	p	i	e	-	-	-
,	punc1	13	u	-	-	-	-	-	-	-	-
καὶ	καί	14	d	-	-	-	-	-	-	-	-
τὸ	ὁ	15	l	-	s	-	-	-	n	n	-
μέλλον	μέλλω	16	v	-	s	p	p	a	n	n	-
τοῦ	ὁ	17	l	-	s	-	-	-	m	g	-
πολέμου	πόλεμος	18	n	-	s	-	-	-	m	g	-
ᾧ	ὅς	19	p	-	s	-	-	-	n	d	-
φοβοῦντες	φοβέω	20	v	-	p	p	p	a	m	n	-
ὑμᾶς	σύ	21	p	-	p	-	-	-	m	a	-
Κερκυραῖοι	Κερυκυραῖος	22	n	-	p	-	-	-	m	n	-
κελεύουσιν	κελεύω	23	v	3	p	p	i	a	-	-	-
ἀδικεῖν	ἀδικέω	24	v	-	-	p	n	a	-	-	-
ἐν	ἐν	25	r	-	-	-	-	-	-	-	-
ἀφανεῖ	ἀφανής	26	a	-	s	-	-	-	n	d	-
ἔτι	ἔτι	27	d	-	-	-	-	-	-	-	-
κεῖται	κεῖμαι	28	v	3	s	p	i	e	-	-	-
,	punc1	29	u	-	-	-	-	-	-	-	-
καὶ	καί	30	c	-	-	-	-	-	-	-	-
οὐκ	οὐ	31	d	-	-	-	-	-	-	-	-
ἄξιον	ἄξιος	32	a	-	s	-	-	-	n	n	-
ἐπαρθέντας	ἐπαίρω	33	v	-	p	a	p	p	m	a	-
αὐτῷ	αὐτός	34	p	-	s	-	-	-	n	d	-
φανερὰν	φανερός	35	a	-	s	-	-	-	f	a	-
ἔχθραν	ἔχθρα	36	n	-	s	-	-	-	f	a	-
ἤδη	ἤδη	37	d	-	-	-	-	-	-	-	-
καὶ	καί	38	c	-	-	-	-	-	-	-	-
οὐ	οὐ	39	d	-	-	-	-	-	-	-	-
μέλλουσαν	μέλλω	40	v	-	s	p	p	a	f	a	-
πρὸς	πρός	41	r	-	-	-	-	-	-	-	-
Κορινθίους	Κορίνθιος	42	n	-	p	-	-	-	m	a	-
κτήσασθαι	κτάομαι	43	v	-	-	a	n	m	-	-	-
,	punc1	44	u	-	-	-	-	-	-	-	-
τῆς	ὁ	45	l	-	s	-	-	-	f	g	-
δὲ	δέ	46	c	-	-	-	-	-	-	-	-
ὑπαρχούσης	ὑπάρχω	47	v	-	s	p	p	a	f	g	-
πρότερον	πρότερος	48	a	-	s	-	-	-	n	a	-
διὰ	διά	49	r	-	-	-	-	-	-	-	-
Μεγαρέας	Μεγαρεύς	50	n	-	p	-	-	-	m	a	-
ὑποψίας	ὑποψία	51	n	-	s	-	-	-	f	g	-
σῶφρον	σώφρων	52	a	-	s	-	-	-	n	n	-
ὑφελεῖν	ὑφαιρέω	53	v	-	-	a	n	a	-	-	-
μᾶλλον	μᾶλλον	54	d	-	-	-	-	-	-	-	-
(	punc1	55	u	-	-	-	-	-	-	-	-
ἡ	ὁ	56	l	-	s	-	-	-	f	n	-
γὰρ	γάρ	57	d	-	-	-	-	-	-	-	-
τελευταία	τελευταῖος	58	a	-	s	-	-	-	f	n	-
χάρις	χάρις	59	n	-	s	-	-	-	f	n	-
καιρὸν	καιρός	60	n	-	s	-	-	-	m	a	-
ἔχουσα	ἔχω	61	v	-	s	p	p	a	f	n	-
,	punc1	62	u	-	-	-	-	-	-	-	-
κ-	καί	63	d	-	-	-	-	-	-	-	-
ἂν	ἐάν	64	c	-	-	-	-	-	-	-	-
ἐλάσσων	ἐλάσσων	65	a	-	s	-	-	-	f	n	c
ᾖ	εἰμί	66	v	3	s	p	s	a	-	-	-
,	punc1	67	u	-	-	-	-	-	-	-	-
δύναται	δύναμαι	68	v	3	s	p	i	e	-	-	-
μεῖζον	μέγας	69	a	-	s	-	-	-	n	a	c
ἔγκλημα	ἔγκλημα	70	n	-	s	-	-	-	n	a	-
λῦσαι	λύω	71	v	-	-	a	n	a	-	-	-
)	punc1	72	u	-	-	-	-	-	-	-	-
,	punc1	73	u	-	-	-	-	-	-	-	-
μη	μη	74	d	-	-	-	-	-	-	-	-
-δ᾽	δέ	75	c	-	-	-	-	-	-	-	-
ὅτι	ὅτι2	76	c	-	-	-	-	-	-	-	-
ναυτικοῦ	ναυτικός	77	a	-	s	-	-	-	n	g	-
ξυμμαχίαν	συμμαχία	78	n	-	s	-	-	-	f	a	-
μεγάλην	μέγας	79	a	-	s	-	-	-	f	a	-
διδόασι	δίδωμι	80	v	3	p	p	i	a	-	-	-
,	punc1	81	u	-	-	-	-	-	-	-	-
τούτῳ	οὗτος	82	p	-	s	-	-	-	n	d	-
ἐφέλκεσθαι	ἐφέλκω	83	v	-	-	p	n	e	-	-	-
:	punc1	84	u	-	-	-	-	-	-	-	-

τὸ	ὁ	1	l	-	s	-	-	-	n	n	-
γὰρ	γάρ	2	d	-	-	-	-	-	-	-	-
μὴ	μή	3	d	-	-	-	-	-	-	-	-
ἀδικεῖν	ἀδικέω	4	v	-	-	p	n	a	-	-	-
τοὺς	ὁ	5	l	-	p	-	-	-	m	a	-
ὁμοίους	ὅμοιος	6	a	-	p	-	-	-	m	a	-
ἐχυρωτέρα	ἐχυρός	7	a	-	s	-	-	-	f	n	c
δύναμις	δύναμις	8	n	-	s	-	-	-	f	n	-
ἢ	ἤ1	9	c	-	-	-	-	-	-	-	-
τῷ	ὁ	10	l	-	s	-	-	-	n	d	-
αὐτίκα	αὐτίκα	11	d	-	-	-	-	-	-	-	-
φανερῷ	φανερός	12	a	-	s	-	-	-	n	d	-
ἐπαρθέντας	ἐπαίρω	13	v	-	p	a	p	p	m	a	-
διὰ	διά	14	r	-	-	-	-	-	-	-	-
κινδύνων	κίνδυνος	15	n	-	p	-	-	-	m	g	-
τὸ	ὁ	16	l	-	s	-	-	-	n	a	-
πλέον	πλέος	17	a	-	s	-	-	-	n	a	-
ἔχειν	ἔχω	18	v	-	-	p	n	a	-	-	-
.	punc1	19	u	-	-	-	-	-	-	-	-

ἡμεῖς	ἐγώ	1	p	1	p	-	-	-	m	n	-
δὲ	δέ	2	d	-	-	-	-	-	-	-	-
περιπεπτωκότες	περιπίπτω	3	v	-	p	r	p	a	m	n	-
οἷς	ὅς	4	p	-	p	-	-	-	n	d	-
ἐν	ἐν	5	r	-	-	-	-	-	-	-	-
τῇ	ὁ	6	l	-	s	-	-	-	f	d	-
Λακεδαίμονι	Λακεδαίμων	7	n	-	s	-	-	-	f	d	-
αὐτοὶ	αὐτός	8	a	-	p	-	-	-	m	n	_
προείπομεν	προεῖπον	9	v	1	p	a	i	a	-	-	-
,	punc1	10	u	-	-	-	-	-	-	-	-
τοὺς	ὁ	11	l	-	p	-	-	-	m	a	-
σφετέρους	σφέτερος	12	a	-	p	-	-	-	m	a	-
ξυμμάχους	σύμμαχος	13	n	-	p	-	-	-	m	a	-
αὐτόν	αὐτός	14	a	-	s	-	-	-	m	a	_
τινα	τις	15	p	-	s	-	-	-	m	a	-
κολάζειν	κολάζω	16	v	-	-	p	n	a	-	-	-
,	punc1	17	u	-	-	-	-	-	-	-	-
νῦν	νῦν	18	d	-	-	-	-	-	-	-	-
παρ᾽	παρά	19	r	-	-	-	-	-	-	-	-
ὑμῶν	σύ	20	p	-	p	-	-	-	m	g	-
τὸ	ὁ	21	l	-	s	-	-	-	n	a	-
αὐτὸ	αὐτός	22	p	-	s	-	-	-	n	a	-
ἀξιοῦμεν	ἀξιόω	23	v	1	p	p	i	a	-	-	-
κομίζεσθαι	κομίζω	24	v	-	-	p	n	e	-	-	-
,	punc1	25	u	-	-	-	-	-	-	-	-
καὶ	καί	26	c	-	-	-	-	-	-	-	-
μὴ	μή	27	d	-	-	-	-	-	-	-	-
τῇ	ὁ	28	l	-	s	-	-	-	f	d	-
ἡμετέρᾳ	ἡμέτερος	29	a	-	s	-	-	-	f	d	-
ψήφῳ	ψῆφος	30	n	-	s	-	-	-	f	d	-
ὠφεληθέντας	ὠφελέω	31	v	-	p	a	p	p	m	a	-
τῇ	ὁ	32	l	-	s	-	-	-	f	d	-
ὑμετέρᾳ	ὑμέτερος	33	a	-	s	-	-	-	f	d	-
ἡμᾶς	ἐγώ	34	p	1	p	-	-	-	m	a	-
βλάψαι	βλάπτω	35	v	-	-	a	n	a	-	-	-
.	punc1	36	u	-	-	-	-	-	-	-	-

τὸ	ὁ	1	l	-	s	-	-	-	n	a	-
δὲ	δέ	2	d	-	-	-	-	-	-	-	-
ἴσον	ἴσος	3	a	-	s	-	-	-	n	a	-
ἀνταπόδοτε	ἀνταποδίδωμι	4	v	2	p	a	m	a	-	-	-
,	punc1	5	u	-	-	-	-	-	-	-	-
γνόντες	γιγνώσκω	6	v	-	p	a	p	a	m	n	-
τοῦτον	οὗτος	7	p	-	s	-	-	-	m	a	-
ἐκεῖνον	ἐκεῖνος	8	a	-	s	-	-	-	m	a	_
εἶναι	εἰμί	9	v	-	-	p	n	a	-	-	-
τὸν	ὁ	10	l	-	s	-	-	-	m	a	-
καιρὸν	καιρός	11	n	-	s	-	-	-	m	a	-
ἐν	ἐν	12	r	-	-	-	-	-	-	-	-
ᾧ	ὅς	13	p	-	s	-	-	-	m	d	-
ὅ	ὁ	14	l	-	s	-	-	-	m	n	-
τε	τε	15	d	-	-	-	-	-	-	-	-
ὑπουργῶν	ὑπουργέω	16	v	-	s	p	p	a	m	n	-
φίλος	φίλος	17	n	-	s	-	-	-	m	n	-
μάλιστα	μάλιστα	18	d	-	-	-	-	-	-	-	-
καὶ	καί	19	c	-	-	-	-	-	-	-	-
ὁ	ὁ	20	l	-	s	-	-	-	m	n	-
ἀντιστὰς	ἀνθίστημι	21	v	-	s	p	p	a	m	n	-
ἐχθρός	ἐχθρός	22	n	-	s	-	-	-	m	n	-
.	punc1	23	u	-	-	-	-	-	-	-	-

καὶ	καί	1	d	-	-	-	-	-	-	-	-
Κερκυραίους	Κερυκυραῖος	2	n	-	p	-	-	-	m	a	-
τούσδε	ὅδε	3	a	-	p	-	-	-	m	a	_
μή	μή	4	d	-	-	-	-	-	-	-	-
-τε	τε	5	d	-	-	-	-	-	-	-	-
ξυμμάχους	σύμμαχος	6	n	-	p	-	-	-	m	a	-
δέχεσθε	δέχομαι	7	v	2	p	p	m	e	-	-	-
βίᾳ	βία	8	n	-	s	-	-	-	f	d	-
ἡμῶν	ἐγώ	9	p	1	p	-	-	-	m	g	-
μή	μή	10	d	-	-	-	-	-	-	-	-
-τε	τε	11	c	-	-	-	-	-	-	-	-
ἀμύνετε	ἀμύνω	12	v	2	p	p	m	a	-	-	-
αὐτοῖς	αὐτός	13	p	-	p	-	-	-	m	d	-
ἀδικοῦσιν	ἀδικέω	14	v	-	p	p	p	a	m	d	-
.	punc1	15	u	-	-	-	-	-	-	-	-

καὶ	καί	1	d	-	-	-	-	-	-	-	-
τάδε	ὅδε	2	p	-	p	-	-	-	n	a	-
ποιοῦντες	ποιόω	3	v	-	p	p	p	a	m	n	-
τὰ	ὁ	4	l	-	p	-	-	-	n	a	-
προσήκοντά	προσήκω	5	v	-	p	p	p	a	n	a	-
τε	τε	6	d	-	-	-	-	-	-	-	-
δράσετε	δράω	7	v	2	p	f	i	a	-	-	-
καὶ	καί	8	c	-	-	-	-	-	-	-	-
τὰ	ὁ	9	l	-	p	-	-	-	n	a	-
ἄριστα	ἄριστος	10	a	-	p	-	-	-	n	a	-
βουλεύσεσθε	βουλεύω	11	v	2	p	f	i	m	-	-	-
ὑμῖν	σύ	12	p	-	p	-	-	-	m	d	-
αὐτοῖς	αὐτός	13	a	-	p	-	-	-	m	d	_
.	punc1	14	u	-	-	-	-	-	-	-	-

τοιαῦτα	τοιοῦτος	1	p	-	p	-	-	-	n	a	-
δὲ	δέ	2	d	-	-	-	-	-	-	-	-
καὶ	καί	3	d	-	-	-	-	-	-	-	-
οἱ	ὁ	4	l	-	p	-	-	-	m	n	-
Κορίνθιοι	Κορίνθιος	5	n	-	p	-	-	-	m	n	-
εἶπον	εἶπον	6	v	3	p	a	i	a	-	-	-
.	punc1	7	u	-	-	-	-	-	-	-	-

Ἀθηναῖοι	Ἀθηναῖος	1	n	-	p	-	-	-	m	n	-
δὲ	δέ	2	d	-	-	-	-	-	-	-	-
ἀκούσαντες	ἀκούω	3	v	-	p	a	p	a	m	n	-
ἀμφοτέρων	ἀμφότερος	4	a	-	p	-	-	-	m	g	-
,	punc1	5	u	-	-	-	-	-	-	-	-
γενομένης	γίγνομαι	6	v	-	s	a	p	m	f	g	-
καὶ	καί	7	d	-	-	-	-	-	-	-	-
δὶς	δίς	8	d	-	-	-	-	-	-	-	-
ἐκκλησίας	ἐκκλησία	9	n	-	s	-	-	-	f	g	-
,	punc1	10	u	-	-	-	-	-	-	-	-
τῇ	ὁ	11	l	-	s	-	-	-	f	d	-
μὲν	μέν	12	d	-	-	-	-	-	-	-	-
προτέρᾳ	πρότερος	13	a	-	s	-	-	-	f	d	-
οὐχ	οὐ	14	d	-	-	-	-	-	-	-	-
ἧσσον	ἥσσων	15	a	-	s	-	-	-	n	a	c
τῶν	ὁ	16	l	-	p	-	-	-	m	g	-
Κορινθίων	Κορίνθιος	17	n	-	p	-	-	-	m	g	-
ἀπεδέξαντο	ἀποδέχομαι	18	v	3	p	a	i	m	-	-	-
τοὺς	ὁ	19	l	-	p	-	-	-	m	a	-
λόγους	λόγος	20	n	-	p	-	-	-	m	a	-
,	punc1	21	u	-	-	-	-	-	-	-	-
ἐν	ἐν	22	r	-	-	-	-	-	-	-	-
δὲ	δέ	23	d	-	-	-	-	-	-	-	-
τῇ	ὁ	24	l	-	s	-	-	-	f	d	-
ὑστεραίᾳ	ὑστεραῖος	25	a	-	s	-	-	-	f	d	-
μετέγνωσαν	μεταγιγνώσκω	26	v	3	p	a	i	a	-	-	-
Κερκυραίοις	Κερυκυραῖος	27	n	-	p	-	-	-	m	d	-
ξυμμαχίαν	συμμαχία	28	n	-	s	-	-	-	f	a	-
μὲν	μέν	29	d	-	-	-	-	-	-	-	-
μὴ	μή	30	d	-	-	-	-	-	-	-	-
ποιήσασθαι	ποιέω	31	v	-	-	a	n	m	-	-	-
ὥστε	ὥστε	32	c	-	-	-	-	-	-	-	-
τοὺς	ὁ	33	l	-	p	-	-	-	m	a	-
αὐτοὺς	αὐτός	34	p	-	p	-	-	-	m	a	-
ἐχθροὺς	ἐχθρός	35	n	-	p	-	-	-	m	a	-
καὶ	καί	36	c	-	-	-	-	-	-	-	-
φίλους	φίλος	37	n	-	p	-	-	-	m	a	-
νομίζειν	νομίζω	38	v	-	-	p	n	a	-	-	-
(	punc1	39	u	-	-	-	-	-	-	-	-
εἰ	εἰ	40	c	-	-	-	-	-	-	-	-
γὰρ	γάρ	41	d	-	-	-	-	-	-	-	-
ἐπὶ	ἐπί	42	r	-	-	-	-	-	-	-	-
Κόρινθον	Κόρινθος	43	n	-	s	-	-	-	f	a	-
ἐκέλευον	κελεύω	44	v	3	p	i	i	a	-	-	-
σφίσιν	σφεῖς	45	p	-	p	-	-	-	m	d	-
οἱ	ὁ	46	l	-	p	-	-	-	m	n	-
Κερκυραῖοι	Κερυκυραῖος	47	n	-	p	-	-	-	m	n	-
ξυμπλεῖν	συμπλέω	48	v	-	-	p	n	a	-	-	-
,	punc1	49	u	-	-	-	-	-	-	-	-
ἐλύοντ᾽	λύω	50	v	3	p	i	i	e	-	-	-
ἂν	ἄν1	51	d	-	-	-	-	-	-	-	-
αὐτοῖς	αὐτός	52	p	-	p	-	-	-	m	d	-
αἱ	ὁ	53	l	-	p	-	-	-	f	n	-
πρὸς	πρός	54	r	-	-	-	-	-	-	-	-
Πελοποννησίους	Πελοποννήσιοι	55	n	-	p	-	-	-	m	a	-
σπονδαι	σπονδή	56	n	-	p	-	-	-	f	n	-
)	punc1	57	u	-	-	-	-	-	-	-	-
,	punc1	58	u	-	-	-	-	-	-	-	-
ἐπιμαχίαν	ἐπιμαχία	59	n	-	s	-	-	-	f	a	-
δ᾽	δέ	60	c	-	-	-	-	-	-	-	-
ἐποιήσαντο	ποιέω	61	v	3	p	a	i	m	-	-	-
τῇ	ὁς	62	p	-	s	-	-	-	f	d	-
ἀλλήλων	ἀλλήλων	63	p	-	p	-	-	-	m	g	-
βοηθεῖν	βοηθέω	64	v	-	-	p	n	a	-	-	-
,	punc1	65	u	-	-	-	-	-	-	-	-
ἐάν	ἐάν	66	c	-	-	-	-	-	-	-	-
τις	τις	67	p	-	s	-	-	-	m	n	-
ἐπὶ	ἐπί	68	r	-	-	-	-	-	-	-	-
Κέρκυραν	Κέρκυρα	69	n	-	s	-	-	-	f	a	-
ἴῃ	εἶμι	70	v	3	s	p	s	a	-	-	-
ἢ	ἤ1	71	d	-	-	-	-	-	-	-	-
Ἀθήνας	Ἀθῆναι	72	n	-	p	-	-	-	f	a	-
ἢ	ἤ1	73	c	-	-	-	-	-	-	-	-
τοὺς	ὁ	74	l	-	p	-	-	-	m	a	-
τούτων	οὗτος	75	p	-	p	-	-	-	f	g	-
ξυμμάχους	σύμμαχος	76	n	-	p	-	-	-	m	a	-
.	punc1	77	u	-	-	-	-	-	-	-	-

ἐδόκει	δοκέω	1	v	3	s	i	i	a	-	-	-
γὰρ	γάρ	2	d	-	-	-	-	-	-	-	-
ὁ	ὁ	3	l	-	s	-	-	-	m	n	-
πρὸς	πρός	4	r	-	-	-	-	-	-	-	-
Πελοποννησίους	Πελοποννήσιοι	5	n	-	p	-	-	-	m	a	-
πόλεμος	πόλεμος	6	n	-	s	-	-	-	m	n	-
καὶ	καί	7	d	-	-	-	-	-	-	-	-
ὣς	ὡς	8	d	-	-	-	-	-	-	-	-
ἔσεσθαι	εἰμί	9	v	-	-	f	n	m	-	-	-
αὐτοῖς	αὐτός	10	p	-	p	-	-	-	m	d	-
,	punc1	11	u	-	-	-	-	-	-	-	-
καὶ	καί	12	c	-	-	-	-	-	-	-	-
τὴν	ὁ	13	l	-	s	-	-	-	f	a	-
Κέρκυραν	Κέρκυρα	14	n	-	s	-	-	-	f	a	-
ἐβούλοντο	βούλομαι	15	v	3	p	i	i	e	-	-	-
μὴ	μή	16	d	-	-	-	-	-	-	-	-
προέσθαι	προίημι	17	v	-	-	a	n	m	-	-	-
τοῖς	ὁ	18	l	-	p	-	-	-	m	d	-
Κορινθίοις	Κορίνθιος	19	n	-	p	-	-	-	m	d	-
ναυτικὸν	ναυτικόν	20	n	-	s	-	-	-	n	a	-
ἔχουσαν	ἔχω	21	v	-	s	p	p	a	f	a	-
τοσοῦτον	τοσοῦτος	22	a	-	s	-	-	-	n	a	_
,	punc1	23	u	-	-	-	-	-	-	-	-
ξυγκρούειν	συγκρούω	24	v	-	-	p	n	a	-	-	-
δὲ	δέ	25	c	-	-	-	-	-	-	-	-
ὅτι	ὅτι2	26	c	-	-	-	-	-	-	-	-
μάλιστα	μάλιστα	27	d	-	-	-	-	-	-	-	-
αὐτοὺς	αὐτός	28	p	-	p	-	-	-	m	a	-
ἀλλήλοις	ἀλλήλων	29	p	-	p	-	-	-	m	d	-
,	punc1	30	u	-	-	-	-	-	-	-	-
ἵνα	ἵνα	31	c	-	-	-	-	-	-	-	-
ἀσθενεστέροις	ἀσθενής	32	a	-	p	-	-	-	m	d	c
οὖσιν	εἰμί	33	v	-	p	p	p	a	m	d	-
,	punc1	34	u	-	-	-	-	-	-	-	-
ἤν	ἐάν	35	c	-	-	-	-	-	-	-	-
τι	τις	36	p	-	s	-	-	-	n	n	-
δέῃ	δέω2	37	v	3	s	p	s	a	-	-	-
,	punc1	38	u	-	-	-	-	-	-	-	-
Κορινθίοις	Κορίνθιος	39	n	-	p	-	-	-	m	d	-
τε	τε	40	d	-	-	-	-	-	-	-	-
καὶ	καί	41	c	-	-	-	-	-	-	-	-
τοῖς	ὁ	42	l	-	p	-	-	-	m	d	-
ἄλλοις	ἄλλος	43	p	-	p	-	-	-	m	d	-
ναυτικὸν	ναυτικός	44	a	-	s	-	-	-	n	a	-
ἔχουσιν	ἔχω	45	v	-	p	p	p	a	m	d	-
ἐς	εἰς	46	r	-	-	-	-	-	-	-	-
πόλεμον	πόλεμος	47	n	-	s	-	-	-	m	a	-
καθιστῶνται	καθίστημι	48	v	3	p	p	s	e	-	-	-
.	punc1	49	u	-	-	-	-	-	-	-	-

ἅμα	ἅμα	1	d	-	-	-	-	-	-	-	-
δὲ	δέ	2	d	-	-	-	-	-	-	-	-
τῆς	ὁ	3	l	-	s	-	-	-	f	g	-
τε	τε	4	d	-	-	-	-	-	-	-	-
Ἰταλίας	Ἰταλία	5	n	-	s	-	-	-	f	g	-
καὶ	καί	6	c	-	-	-	-	-	-	-	-
Σικελίας	Σικελία	7	n	-	s	-	-	-	f	g	-
καλῶς	καλός	8	d	-	-	-	-	-	-	-	-
ἐφαίνετο	φαίνω	9	v	3	s	i	i	e	-	-	-
αὐτοῖς	αὐτός	10	p	-	p	-	-	-	m	d	-
ἡ	ὁ	11	l	-	s	-	-	-	f	n	-
νῆσος	νῆσος	12	n	-	s	-	-	-	f	n	-
ἐν	ἐν	13	r	-	-	-	-	-	-	-	-
παράπλῳ	παράπλοος	14	n	-	s	-	-	-	m	d	-
κεῖσθαι	κεῖμαι	15	v	-	-	p	n	e	-	-	-
.	punc1	16	u	-	-	-	-	-	-	-	-

τοιαύτῃ	τοιοῦτος	1	a	-	s	-	-	-	f	d	_
μὲν	μέν	2	d	-	-	-	-	-	-	-	-
γνώμῃ	γνώμη	3	n	-	s	-	-	-	f	d	-
οἱ	ὁ	4	l	-	p	-	-	-	m	n	-
Ἀθηναῖοι	Ἀθηναῖος	5	n	-	p	-	-	-	m	n	-
τοὺς	ὁ	6	l	-	p	-	-	-	m	a	-
Κερκυραίους	Κερυκυραῖος	7	n	-	p	-	-	-	m	a	-
προσεδέξαντο	προσδέχομαι	8	v	3	p	a	i	m	-	-	-
,	punc1	9	u	-	-	-	-	-	-	-	-
καὶ	καί	10	c	-	-	-	-	-	-	-	-
τῶν	ὁ	11	l	-	p	-	-	-	m	g	-
Κορινθίων	Κορίνθιος	12	n	-	p	-	-	-	m	g	-
ἀπελθόντων	ἀπέρχομαι	13	v	-	p	a	p	a	m	g	-
οὐ	οὐ	14	d	-	-	-	-	-	-	-	-
πολὺ	πολύς	15	a	-	s	-	-	-	n	a	-
ὕστερον	ὕστερος	16	a	-	s	-	-	-	n	a	-
δέκα	δέκα	17	a	-	-	-	-	-	-	-	-
ναῦς	ναῦς	18	n	-	p	-	-	-	-	a	-
αὐτοῖς	αὐτός	19	p	-	p	-	-	-	m	d	-
ἀπέστειλαν	ἀποστέλλω	20	v	3	p	a	i	a	-	-	-
βοηθούς	βοηθός	21	a	-	p	-	-	-	m	a	-
:	punc1	22	u	-	-	-	-	-	-	-	-

ἐστρατήγει	στρατηγέω	1	v	3	s	i	i	a	-	-	-
δὲ	δέ	2	d	-	-	-	-	-	-	-	-
αὐτῶν	αὐτός	3	p	-	p	-	-	-	f	g	-
Λακεδαιμόνιός	Λακεδαιμόνιος	4	n	-	s	-	-	-	m	n	-
τε	τε	5	d	-	-	-	-	-	-	-	-
ὁ	ὁ	6	l	-	s	-	-	-	m	n	-
Κίμωνος	Κίμων	7	n	-	s	-	-	-	m	g	-
καὶ	καί	8	d	-	-	-	-	-	-	-	-
Διότιμος	Διότιμος	9	n	-	s	-	-	-	m	n	-
ὁ	ὁ	10	l	-	s	-	-	-	m	n	-
Στρομβίχου	Στρόμβιχος	11	n	-	s	-	-	-	m	g	-
καὶ	καί	12	c	-	-	-	-	-	-	-	-
Πρωτέας	Πρωτέας	13	n	-	s	-	-	-	m	n	-
ὁ	ὁ	14	l	-	s	-	-	-	m	n	-
Ἐπικλέους	Ἐπικλέης	15	n	-	s	-	-	-	m	g	-
.	punc1	16	u	-	-	-	-	-	-	-	-

προεῖπον	προεῖπον	1	v	3	p	a	i	a	-	-	-
δὲ	δέ	2	d	-	-	-	-	-	-	-	-
αὐτοῖς	αὐτός	3	p	-	p	-	-	-	m	d	-
μὴ	μή	4	d	-	-	-	-	-	-	-	-
ναυμαχεῖν	ναυμαχέω	5	v	-	-	p	n	a	-	-	-
Κορινθίοις	Κορίνθιος	6	n	-	p	-	-	-	m	d	-
,	punc1	7	u	-	-	-	-	-	-	-	-
ἢν	ἐάν	8	c	-	-	-	-	-	-	-	-
μὴ	μή	9	d	-	-	-	-	-	-	-	-
ἐπὶ	ἐπί	10	r	-	-	-	-	-	-	-	-
Κέρκυραν	Κέρκυρα	11	n	-	s	-	-	-	f	a	-
πλέωσι	πλέω	12	v	3	p	p	s	a	-	-	-
καὶ	καί	13	c	-	-	-	-	-	-	-	-
μέλλωσιν	μέλλω	14	v	3	p	p	s	a	-	-	-
ἀποβαίνειν	ἀποβαίνω	15	v	-	-	p	n	a	-	-	-
ἢ	ἤ1	16	c	-	-	-	-	-	-	-	-
ἐς	εἰς	17	r	-	-	-	-	-	-	-	-
τῶν	ὁ	18	l	-	p	-	-	-	n	g	-
ἐκείνων	ἐκεῖνος	19	p	-	p	-	-	-	m	g	-
τι	τις	20	p	-	s	-	-	-	n	a	-
χωρίων	χωρίον	21	n	-	p	-	-	-	n	g	-
:	punc1	22	u	-	-	-	-	-	-	-	-

οὕτω	οὕτως	1	d	-	-	-	-	-	-	-	-
δὲ	δέ	2	d	-	-	-	-	-	-	-	-
κωλύειν	κωλύω	3	v	-	-	p	n	a	-	-	-
κατὰ	κατά	4	r	-	-	-	-	-	-	-	-
δύναμιν	δύναμις	5	n	-	s	-	-	-	f	a	-
.	punc1	6	u	-	-	-	-	-	-	-	-

προεῖπον	προεῖπον	1	v	3	p	a	i	a	-	-	-
δὲ	δέ	2	d	-	-	-	-	-	-	-	-
ταῦτα	οὗτος	3	p	-	p	-	-	-	n	a	-
τοῦ	ὁ	4	l	-	s	-	-	-	n	g	-
μὴ	μή	5	d	-	-	-	-	-	-	-	-
λύειν	λύω	6	v	-	-	p	n	a	-	-	-
ἕνεκα	ἕνεκα	7	r	-	-	-	-	-	-	-	-
τὰς	ὁ	8	l	-	p	-	-	-	f	a	-
σπονδάς	σπονδή	9	n	-	p	-	-	-	f	a	-
.	punc1	10	u	-	-	-	-	-	-	-	-

αἱ	ὁ	1	l	-	p	-	-	-	f	n	-
μὲν	μέν	2	d	-	-	-	-	-	-	-	-
δὴ	δή	3	d	-	-	-	-	-	-	-	-
νῆες	ναῦς	4	n	-	p	-	-	-	f	n	-
ἀφικνοῦνται	ἀφικνέομαι	5	v	3	p	p	i	e	-	-	-
ἐς	εἰς	6	r	-	-	-	-	-	-	-	-
τὴν	ὁ	7	l	-	s	-	-	-	f	a	-
Κέρκυραν	Κέρκυρα	8	n	-	s	-	-	-	f	a	-
,	punc1	9	u	-	-	-	-	-	-	-	-
οἱ	ὁ	10	l	-	p	-	-	-	m	n	-
δὲ	δέ	11	c	-	-	-	-	-	-	-	-
Κορίνθιοι	Κορίνθιος	12	n	-	p	-	-	-	m	n	-
,	punc1	13	u	-	-	-	-	-	-	-	-
ἐπειδὴ	ἐπεί	14	c	-	-	-	-	-	-	-	-
αὐτοῖς	αὐτός	15	p	-	p	-	-	-	m	d	-
παρεσκεύαστο	παρασκευάζω	16	v	3	s	l	i	e	-	-	-
,	punc1	17	u	-	-	-	-	-	-	-	-
ἔπλεον	πλέω	18	v	3	p	i	i	a	-	-	-
ἐπὶ	ἐπί	19	r	-	-	-	-	-	-	-	-
τὴν	ὁ	20	l	-	s	-	-	-	f	a	-
Κέρκυραν	Κέρκυρα	21	n	-	s	-	-	-	f	a	-
ναυσὶ	ναῦς	22	n	-	p	-	-	-	f	d	-
πεντήκοντα	πεντήκοντα	23	a	-	-	-	-	-	-	-	-
καὶ	καί	24	c	-	-	-	-	-	-	-	-
ἑκατόν	ἑκατόν	25	a	-	-	-	-	-	-	-	-
.	punc1	26	u	-	-	-	-	-	-	-	-

ἦσαν	εἰμί	1	v	3	p	i	i	a	-	-	-
δὲ	δέ	2	d	-	-	-	-	-	-	-	-
Ἠλείων	Ἠλεῖος	3	n	-	p	-	-	-	m	g	-
μὲν	μέν	4	d	-	-	-	-	-	-	-	-
δέκα	δέκα	5	a	-	-	-	-	-	-	-	-
,	punc1	6	u	-	-	-	-	-	-	-	-
Μεγαρέων	Μεγαρεύς	7	n	-	p	-	-	-	m	g	-
δὲ	δέ	8	d	-	-	-	-	-	-	-	-
δώδεκα	δώδεκα	9	a	-	-	-	-	-	-	-	-
καὶ	καί	10	c	-	-	-	-	-	-	-	-
Λευκαδίων	Λευκάδιος	11	n	-	p	-	-	-	m	g	-
δέκα	δέκα	12	a	-	-	-	-	-	-	-	-
,	punc1	13	u	-	-	-	-	-	-	-	-
Ἀμπρακιωτῶν	Ἀμπρακιώτης	14	n	-	p	-	-	-	m	g	-
δὲ	δέ	15	d	-	-	-	-	-	-	-	-
ἑπτὰ	ἑπτά	16	a	-	-	-	-	-	-	-	-
καὶ	καί	17	c	-	-	-	-	-	-	-	-
εἴκοσι	εἴκοσι	18	a	-	-	-	-	-	-	-	-
καὶ	καί	19	c	-	-	-	-	-	-	-	-
Ἀνακτορίων	Ἀνακτόριος	20	n	-	p	-	-	-	m	g	-
μία	εἷς	21	a	-	s	-	-	-	f	n	-
,	punc1	22	u	-	-	-	-	-	-	-	-
αὐτῶν	αὐτός	23	a	-	p	-	-	-	m	g	_
δὲ	δέ	24	c	-	-	-	-	-	-	-	-
Κορινθίων	Κορίνθιος	25	n	-	p	-	-	-	m	g	-
ἐνενήκοντα	ἐνενήκοντα	26	a	-	-	-	-	-	-	-	-
:	punc1	27	u	-	-	-	-	-	-	-	-

στρατηγοὶ	στρατηγός	1	n	-	p	-	-	-	m	n	-
δὲ	δέ	2	d	-	-	-	-	-	-	-	-
τούτων	οὗτος	3	p	-	p	-	-	-	m	g	-
ἦσαν	εἰμί	4	v	3	p	i	i	a	-	-	-
μὲν	μέν	5	d	-	-	-	-	-	-	-	-
καὶ	καί	6	d	-	-	-	-	-	-	-	-
κατὰ	κατά	7	r	-	-	-	-	-	-	-	-
πόλεις	πόλις	8	n	-	p	-	-	-	f	a	-
ἑκάστων	ἕκαστος	9	a	-	p	-	-	-	m	g	-
,	punc1	10	u	-	-	-	-	-	-	-	-
Κορινθίων	Κορίνθιος	11	n	-	p	-	-	-	m	g	-
δὲ	δέ	12	c	-	-	-	-	-	-	-	-
Ξενοκλείδης	Ξενοκλείδης	13	n	-	s	-	-	-	m	n	-
ὁ	ὁ	14	l	-	s	-	-	-	m	n	-
Εὐθυκλέους	Εὐθυκλῆς	15	n	-	s	-	-	-	m	g	-
πέμπτος	πέμπτος	16	a	-	s	-	-	-	m	n	-
αὐτός	αὐτός	17	a	-	s	-	-	-	m	n	_
.	punc1	18	u	-	-	-	-	-	-	-	-

ἐπειδὴ	ἐπεί	1	c	-	-	-	-	-	-	-	-
δὲ	δέ	2	d	-	-	-	-	-	-	-	-
προσέμειξαν	προσμείγνυμι	3	v	3	p	a	i	a	-	-	-
τῇ	ὁ	4	l	-	s	-	-	-	f	d	-
κατὰ	κατά	5	r	-	-	-	-	-	-	-	-
Κέρκυραν	Κέρκυρα	6	n	-	s	-	-	-	f	a	-
ἠπείρῳ	ἤπειρος	7	n	-	s	-	-	-	f	d	-
ἀπὸ	ἀπό	8	r	-	-	-	-	-	-	-	-
Λευκάδος	Λευκάς	9	n	-	s	-	-	-	f	g	-
πλέοντες	πλέω	10	v	-	p	p	p	a	m	n	-
,	punc1	11	u	-	-	-	-	-	-	-	-
ὁρμίζονται	ὁρμίζω	12	v	3	p	p	i	e	-	-	-
ἐς	εἰς	13	r	-	-	-	-	-	-	-	-
Χειμέριον	Χειμέριον	14	n	-	s	-	-	-	n	a	-
τῆς	ὁ	15	l	-	s	-	-	-	f	g	-
Θεσπρωτίδος	Θεσπρωτίς	16	n	-	s	-	-	-	f	g	-
γῆς	γῆ	17	n	-	s	-	-	-	f	g	-
.	punc1	18	u	-	-	-	-	-	-	-	-

ἔστι	εἰμί	1	v	3	s	p	i	a	-	-	-
δὲ	δέ	2	d	-	-	-	-	-	-	-	-
λιμήν	λιμήν	3	n	-	s	-	-	-	m	n	-
,	punc1	4	u	-	-	-	-	-	-	-	-
καὶ	καί	5	c	-	-	-	-	-	-	-	-
πόλις	πόλις	6	n	-	s	-	-	-	f	n	-
ὑπὲρ	ὑπέρ	7	r	-	-	-	-	-	-	-	-
αὐτοῦ	αὐτός	8	p	-	s	-	-	-	m	g	-
κεῖται	κεῖμαι	9	v	3	s	p	i	e	-	-	-
ἀπὸ	ἀπό	10	r	-	-	-	-	-	-	-	-
θαλάσσης	θάλασσα	11	n	-	s	-	-	-	f	g	-
ἐν	ἐν	12	r	-	-	-	-	-	-	-	-
τῇ	ὁ	13	l	-	s	-	-	-	f	d	-
Ἐλαιάτιδι	Ἐλαίατις	14	n	-	s	-	-	-	f	d	-
τῆς	ὁ	15	l	-	s	-	-	-	f	g	-
Θεσπρωτίδος	Θεσπρωτίς	16	n	-	s	-	-	-	f	g	-
Ἐφύρη	Ἐφύρα	17	n	-	s	-	-	-	f	n	-
.	punc1	18	u	-	-	-	-	-	-	-	-

ἐξίησι	ἐξίημι	1	v	3	s	p	i	a	-	-	-
δὲ	δέ	2	d	-	-	-	-	-	-	-	-
παρ᾽	παρά	3	r	-	-	-	-	-	-	-	-
αὐτὴν	αὐτός	4	p	-	s	-	-	-	f	a	-
Ἀχερουσία	Ἀχερουσία	5	n	-	s	-	-	-	f	n	-
λίμνη	λίμνη	6	n	-	s	-	-	-	f	n	-
ἐς	εἰς	7	r	-	-	-	-	-	-	-	-
θάλασσαν	θάλασσα	8	n	-	s	-	-	-	f	a	-
:	punc1	9	u	-	-	-	-	-	-	-	-

διὰ	διά	1	r	-	-	-	-	-	-	-	-
δὲ	δέ	2	d	-	-	-	-	-	-	-	-
τῆς	ὁ	3	l	-	s	-	-	-	f	g	-
Θεσπρωτίδος	Θεσπρωτίς	4	n	-	s	-	-	-	f	g	-
Ἀχέρων	Ἀχέρων	5	n	-	s	-	-	-	m	n	-
ποταμὸς	ποταμός	6	n	-	s	-	-	-	m	n	-
ῥέων	ῥέω	7	v	-	s	p	p	a	m	n	-
ἐσβάλλει	εἰσβάλλω	8	v	3	s	p	i	a	-	-	-
ἐς	εἰς	9	r	-	-	-	-	-	-	-	-
αὐτήν	αὐτός	10	p	-	s	-	-	-	f	a	-
,	punc1	11	u	-	-	-	-	-	-	-	-
ἀφ᾽	ἀπό	12	r	-	-	-	-	-	-	-	-
οὗ	ὅς	13	p	-	s	-	-	-	m	g	-
καὶ	καί	14	d	-	-	-	-	-	-	-	-
τὴν	ὁ	15	l	-	s	-	-	-	f	a	-
ἐπωνυμίαν	ἐπωνυμία	16	n	-	s	-	-	-	f	a	-
ἔχει	ἔχω	17	v	3	s	p	i	a	-	-	-
.	punc1	18	u	-	-	-	-	-	-	-	-

ῥεῖ	ῥέω	1	v	3	s	p	i	a	-	-	-
δὲ	δέ	2	d	-	-	-	-	-	-	-	-
καὶ	καί	3	d	-	-	-	-	-	-	-	-
Θύαμις	Θύαμις	4	n	-	s	-	-	-	f	n	-
ποταμός	ποταμός	5	n	-	s	-	-	-	m	n	-
,	punc1	6	u	-	-	-	-	-	-	-	-
ὁρίζων	ὁρίζω	7	v	-	s	p	p	a	m	n	-
τὴν	ὁ	8	l	-	s	-	-	-	f	a	-
Θεσπρωτίδα	Θεσπρωτίς	9	n	-	s	-	-	-	f	a	-
καὶ	καί	10	c	-	-	-	-	-	-	-	-
Κεστρίνην	Κεστρίνη	11	n	-	s	-	-	-	f	a	-
,	punc1	12	u	-	-	-	-	-	-	-	-
ὧν	ὅς	13	p	-	p	-	-	-	n	g	-
ἐντὸς	ἐντός	14	r	-	-	-	-	-	-	-	-
ἡ	ὁ	15	l	-	s	-	-	-	f	v	-
ἄκρα	ἄκρα	16	n	-	s	-	-	-	f	n	-
ἀνέχει	ἀνέχω	17	v	3	s	p	i	a	-	-	-
τὸ	ὁ	18	l	-	s	-	-	-	n	n	-
Χειμέριον	Χειμέριον	19	n	-	s	-	-	-	n	n	-
.	punc1	20	u	-	-	-	-	-	-	-	-

οἱ	ὁ	1	l	-	p	-	-	-	m	n	-
μὲν	μέν	2	d	-	-	-	-	-	-	-	-
οὖν	οὖν	3	d	-	-	-	-	-	-	-	-
Κορίνθιοι	Κορίνθιος	4	n	-	p	-	-	-	m	n	-
τῆς	ὁ	5	l	-	s	-	-	-	f	g	-
ἠπείρου	ἤπειρος	6	n	-	s	-	-	-	f	g	-
ἐνταῦθα	ἐνταῦθα	7	d	-	-	-	-	-	-	-	-
ὁρμίζονταί	ὁρμίζω	8	v	3	p	p	i	e	-	-	-
τε	τε	9	d	-	-	-	-	-	-	-	-
καὶ	καί	10	c	-	-	-	-	-	-	-	-
στρατόπεδον	στρατόπεδον	11	n	-	s	-	-	-	n	a	-
ἐποιήσαντο	ποιέω	12	v	3	p	a	i	m	-	-	-
.	punc1	13	u	-	-	-	-	-	-	-	-

οἱ	ὁ	1	l	-	p	-	-	-	m	n	-
δὲ	δέ	2	d	-	-	-	-	-	-	-	-
Κερκυραῖοι	Κερυκυραῖος	3	n	-	p	-	-	-	m	n	-
ὡς	ὡς	4	c	-	-	-	-	-	-	-	-
ᾔσθοντο	αἰσθάνομαι	5	v	3	p	a	i	m	-	-	-
αὐτοὺς	αὐτός	6	p	-	p	-	-	-	m	a	-
προσπλέοντας	προσπλέω	7	v	-	p	p	p	a	m	a	-
,	punc1	8	u	-	-	-	-	-	-	-	-
πληρώσαντες	πληρόω	9	v	-	p	a	p	a	m	n	-
δέκα	δέκα	10	a	-	-	-	-	-	-	-	-
καὶ	καί	11	c	-	-	-	-	-	-	-	-
ἑκατὸν	ἑκατόν	12	a	-	-	-	-	-	-	-	-
ναῦς	ναῦς	13	n	-	p	-	-	-	f	a	-
,	punc1	14	u	-	-	-	-	-	-	-	-
ὧν	ὅς	15	p	-	p	-	-	-	f	g	-
ἦρχε	ἄρχω	16	v	3	s	i	i	a	-	-	-
Μικιάδης	Μικιάδης	17	n	-	s	-	-	-	m	n	-
καὶ	καί	18	d	-	-	-	-	-	-	-	-
Αἰσιμίδης	Αἰσιμίδης	19	n	-	s	-	-	-	m	n	-
καὶ	καί	20	c	-	-	-	-	-	-	-	-
Εὐρύβατος	Εὐρύβατος	21	n	-	s	-	-	-	m	n	-
,	punc1	22	u	-	-	-	-	-	-	-	-
ἐστρατοπεδεύσαντο	στρατοπεδεύω	23	v	3	p	a	i	m	-	-	-
ἐν	ἐν	24	r	-	-	-	-	-	-	-	-
μιᾷ	εἷς	25	a	-	s	-	-	-	f	d	-
τῶν	ὁ	26	l	-	p	-	-	-	f	g	-
νήσων	νῆσος	27	n	-	p	-	-	-	f	g	-
αἳ	ὅς	28	p	-	p	-	-	-	f	n	-
καλοῦνται	καλέω	29	v	3	p	p	i	e	-	-	-
Σύβοτα	Σύβοτα	30	n	-	p	-	-	-	n	n	-
:	punc1	31	u	-	-	-	-	-	-	-	-

καὶ	καί	1	d	-	-	-	-	-	-	-	-
αἱ	ὁ	2	l	-	p	-	-	-	f	n	-
Ἀττικαὶ	Ἀττικός	3	a	-	p	-	-	-	f	n	-
δέκα	δέκα	4	a	-	-	-	-	-	-	-	-
παρῆσαν	πάρειμι1	5	v	3	p	i	i	a	-	-	-
.	punc1	6	u	-	-	-	-	-	-	-	-

ἐπὶ	ἐπί	1	r	-	-	-	-	-	-	-	-
δὲ	δέ	2	d	-	-	-	-	-	-	-	-
τῇ	ὁ	3	l	-	s	-	-	-	f	d	-
Λευκίμμῃ	Λευκίμμη	4	n	-	s	-	-	-	f	d	-
αὐτοῖς	αὐτός	5	p	-	p	-	-	-	m	d	-
τῷ	ὁ	6	l	-	s	-	-	-	n	d	-
ἀκρωτηρίῳ	ἀκρωτήριον	7	n	-	s	-	-	-	n	d	-
ὁ	ὁ	8	l	-	s	-	-	-	m	n	-
πεζὸς	πεζός	9	a	-	s	-	-	-	m	n	-
ἦν	εἰμί	10	v	3	s	i	i	a	-	-	-
καὶ	καί	11	c	-	-	-	-	-	-	-	-
Ζακυνθίων	Ζακύνθιος	12	n	-	p	-	-	-	m	g	-
χίλιοι	χίλιος	13	a	-	p	-	-	-	m	n	-
ὁπλῖται	ὁπλίτης	14	n	-	p	-	-	-	m	n	-
βεβοηθηκότες	βοηθέω	15	v	-	p	r	p	a	m	n	-
.	punc1	16	u	-	-	-	-	-	-	-	-

ἦσαν	εἰμί	1	v	3	p	i	i	a	-	-	-
δὲ	δέ	2	d	-	-	-	-	-	-	-	-
καὶ	καί	3	d	-	-	-	-	-	-	-	-
τοῖς	ὁ	4	l	-	p	-	-	-	m	d	-
Κορινθίοις	Κορίνθιος	5	n	-	p	-	-	-	m	d	-
ἐν	ἐν	6	r	-	-	-	-	-	-	-	-
τῇ	ὁ	7	l	-	s	-	-	-	f	d	-
ἠπείρῳ	ἤπειρος	8	n	-	s	-	-	-	f	d	-
πολλοὶ	πολύς	9	a	-	p	-	-	-	m	n	-
τῶν	ὁ	10	l	-	p	-	-	-	m	g	-
βαρβάρων	βάρβαρος	11	n	-	p	-	-	-	m	g	-
παραβεβοηθηκότες	παραβοηθέω	12	v	-	p	r	p	a	m	n	-
:	punc1	13	u	-	-	-	-	-	-	-	-

οἱ	ὁ	1	l	-	p	-	-	-	m	n	-
γὰρ	γάρ	2	d	-	-	-	-	-	-	-	-
ταύτῃ	ταύτῃ	3	d	-	-	-	-	-	-	-	-
ἠπειρῶται	ἠπειρώτης	4	n	-	p	-	-	-	m	n	-
αἰεί	ἀεί	5	d	-	-	-	-	-	-	-	-
ποτε	ποτέ	6	d	-	-	-	-	-	-	-	-
αὐτοῖς	αὐτός	7	p	-	p	-	-	-	m	d	-
φίλοι	φίλος	8	n	-	p	-	-	-	m	n	-
εἰσίν	εἰμί	9	v	3	p	p	i	a	-	-	-
.	punc1	10	u	-	-	-	-	-	-	-	-

ἐπειδὴ	ἐπεί	1	c	-	-	-	-	-	-	-	-
δὲ	δέ	2	d	-	-	-	-	-	-	-	-
παρεσκεύαστο	παρασκευάζω	3	v	3	s	l	i	e	-	-	-
τοῖς	ὁ	4	l	-	p	-	-	-	m	d	-
Κορινθίοις	Κορίνθιος	5	n	-	p	-	-	-	m	d	-
,	punc1	6	u	-	-	-	-	-	-	-	-
λαβόντες	λαμβάνω	7	v	-	p	a	p	a	m	n	-
τριῶν	τρεῖς	8	a	-	p	-	-	-	f	g	-
ἡμερῶν	ἡμέρα	9	n	-	p	-	-	-	f	g	-
σιτία	σιτίον	10	n	-	p	-	-	-	n	a	-
ἀνήγοντο	ἀνάγω	11	v	3	p	i	i	e	-	-	-
ὡς	ὡς	12	c	-	-	-	-	-	-	-	-
ἐπὶ	ἐπί	13	r	-	-	-	-	-	-	-	-
ναυμαχίαν	ναυμαχία	14	n	-	s	-	-	-	f	a	-
ἀπὸ	ἀπό	15	r	-	-	-	-	-	-	-	-
τοῦ	ὁ	16	l	-	s	-	-	-	n	g	-
Χειμερίου	Χειμέριον	17	n	-	s	-	-	-	n	g	-
νυκτός	νύξ	18	n	-	s	-	-	-	f	g	-
,	punc1	19	u	-	-	-	-	-	-	-	-
καὶ	καί	20	c	-	-	-	-	-	-	-	-
ἅμα	ἅμα	21	d	-	-	-	-	-	-	-	-
ἕῳ	ἠώς	22	n	-	s	-	-	-	f	d	-
πλέοντες	πλέω	23	v	-	p	p	p	a	m	n	-
καθορῶσι	καθοράω	24	v	3	p	p	i	a	-	-	-
τὰς	ὁ	25	l	-	p	-	-	-	f	a	-
τῶν	ὁ	26	l	-	p	-	-	-	m	g	-
Κερκυραίων	Κερυκυραῖος	27	n	-	p	-	-	-	m	g	-
ναῦς	ναῦς	28	n	-	p	-	-	-	f	a	-
μετεώρους	μετέωρος	29	a	-	p	-	-	-	f	a	-
τε	τε	30	d	-	-	-	-	-	-	-	-
καὶ	καί	31	c	-	-	-	-	-	-	-	-
ἐπὶ	ἐπί	32	r	-	-	-	-	-	-	-	-
σφᾶς	σφεῖς	33	p	-	p	-	-	-	m	a	-
πλεούσας	πλέω	34	v	-	p	p	p	a	f	a	-
.	punc1	35	u	-	-	-	-	-	-	-	-

ὡς	ὡς	1	c	-	-	-	-	-	-	-	-
δὲ	δέ	2	d	-	-	-	-	-	-	-	-
κατεῖδον	κατεῖδον	3	v	3	p	a	i	a	-	-	-
ἀλλήλους	ἀλλήλων	4	p	-	p	-	-	-	m	a	-
,	punc1	5	u	-	-	-	-	-	-	-	-
ἀντιπαρετάσσοντο	ἀντιπαρατάσσομαι	6	v	3	p	i	i	e	-	-	-
,	punc1	7	u	-	-	-	-	-	-	-	-
ἐπὶ	ἐπί	8	r	-	-	-	-	-	-	-	-
μὲν	μέν	9	d	-	-	-	-	-	-	-	-
τὸ	ὁ	10	l	-	s	-	-	-	n	a	-
δεξιὸν	δεξιός	11	a	-	s	-	-	-	n	a	-
κέρας	κέρας	12	n	-	s	-	-	-	n	a	-
Κερκυραίων	Κερυκυραῖος	13	n	-	p	-	-	-	m	g	-
αἱ	ὁ	14	l	-	p	-	-	-	f	n	-
Ἀττικαὶ	Ἀττικός	15	a	-	p	-	-	-	f	n	-
νῆες	ναῦς	16	n	-	p	-	-	-	f	n	-
,	punc1	17	u	-	-	-	-	-	-	-	-
τὸ	ὁ	18	l	-	s	-	-	-	n	a	-
δὲ	δέ	19	c	-	-	-	-	-	-	-	-
ἄλλο	ἄλλος	20	p	-	s	-	-	-	n	a	-
αὐτοὶ	αὐτός	21	p	-	p	-	-	-	m	n	-
ἐπεῖχον	ἐπέχω	22	v	3	p	i	i	a	-	-	-
τρία	τρία	23	n	-	p	-	-	-	n	a	-
τέλη	τέλος	24	n	-	p	-	-	-	n	a	-
ποιήσαντες	ποιέω	25	v	-	p	a	p	a	m	n	-
τῶν	ὁ	26	l	-	p	-	-	-	f	g	-
νεῶν	ναῦς	27	n	-	p	-	-	-	f	g	-
,	punc1	28	u	-	-	-	-	-	-	-	-
ὧν	ὅς	29	p	-	p	-	-	-	f	g	-
ἦρχε	ἄρχω	30	v	3	s	i	i	a	-	-	-
<	punc1	31	u	-	-	-	-	-	-	-	-
τῶν	ὁ	32	l	-	p	-	-	-	m	g	-
>	punc1	33	u	-	-	-	-	-	-	-	-
τριῶν	τρεῖς	34	a	-	p	-	-	-	m	g	-
στρατηγῶν	στρατηγός	35	n	-	p	-	-	-	m	g	-
ἑκάστου	ἕκαστος	36	a	-	s	-	-	-	n	g	-
εἷς	εἷς	37	n	-	s	-	-	-	m	n	-
.	punc1	38	u	-	-	-	-	-	-	-	-

οὕτω	οὕτως	1	d	-	-	-	-	-	-	-	-
μὲν	μέν	2	d	-	-	-	-	-	-	-	-
Κερκυραῖοι	Κερυκυραῖος	3	n	-	p	-	-	-	m	n	-
ἐτάξαντο	τάσσω	4	v	3	p	a	i	m	-	-	-
,	punc1	5	u	-	-	-	-	-	-	-	-
Κορινθίοις	Κορίνθιος	6	n	-	p	-	-	-	m	d	-
δὲ	δέ	7	c	-	-	-	-	-	-	-	-
τὸ	ὁ	8	l	-	s	-	-	-	n	a	-
μὲν	μέν	9	d	-	-	-	-	-	-	-	-
δεξιὸν	δεξιός	10	a	-	s	-	-	-	n	a	-
κέρας	κέρας	11	n	-	s	-	-	-	n	a	-
αἱ	ὁ	12	l	-	p	-	-	-	f	n	-
Μεγαρίδες	Μεγαρίς	13	n	-	p	-	-	-	f	n	-
νῆες	ναῦς	14	n	-	p	-	-	-	f	n	-
εἶχον	ἔχω	15	v	3	p	i	i	a	-	-	-
καὶ	καί	16	c	-	-	-	-	-	-	-	-
αἱ	ὁ	17	l	-	p	-	-	-	f	n	-
Ἀμπρακιώτιδες	Ἀμπρακιῶτις	18	n	-	p	-	-	-	f	n	-
,	punc1	19	u	-	-	-	-	-	-	-	-
κατὰ	κατά	20	r	-	-	-	-	-	-	-	-
δὲ	δέ	21	c	-	-	-	-	-	-	-	-
τὸ	ὁ	22	l	-	s	-	-	-	n	a	-
μέσον	μέσος	23	a	-	s	-	-	-	n	a	-
οἱ	ὁ	24	l	-	p	-	-	-	m	n	-
ἄλλοι	ἄλλος	25	a	-	p	-	-	-	m	n	_
ξύμμαχοι	σύμμαχος	26	n	-	p	-	-	-	m	n	-
ὡς	ὡς	27	c	-	-	-	-	-	-	-	-
ἕκαστοι	ἕκαστος	28	a	-	p	-	-	-	m	n	-
:	punc1	29	u	-	-	-	-	-	-	-	-

εὐώνυμον	εὐώνυμος	1	a	-	s	-	-	-	n	a	-
δὲ	δέ	2	d	-	-	-	-	-	-	-	-
κέρας	κέρας	3	n	-	s	-	-	-	n	a	-
αὐτοὶ	αὐτός	4	a	-	p	-	-	-	m	n	_
οἱ	ὁ	5	l	-	p	-	-	-	m	n	-
Κορίνθιοι	Κορίνθιος	6	n	-	p	-	-	-	m	n	-
ταῖς	ὁ	7	l	-	p	-	-	-	f	d	-
ἄριστα	ἄριστος	8	a	-	p	-	-	-	n	a	-
τῶν	ὁ	9	l	-	p	-	-	-	f	g	-
νεῶν	ναῦς	10	n	-	p	-	-	-	f	g	-
πλεούσαις	πλέω	11	v	-	p	p	p	a	f	d	-
κατὰ	κατά	12	r	-	-	-	-	-	-	-	-
τοὺς	ὁ	13	l	-	p	-	-	-	m	a	-
Ἀθηναίους	Ἀθηναῖος	14	n	-	p	-	-	-	m	a	-
καὶ	καί	15	c	-	-	-	-	-	-	-	-
τὸ	ὁ	16	l	-	s	-	-	-	n	a	-
δεξιὸν	δεξιός	17	a	-	s	-	-	-	n	a	-
τῶν	ὁ	18	l	-	p	-	-	-	m	g	-
Κερκυραίων	Κερυκυραῖος	19	n	-	p	-	-	-	m	g	-
εἶχον	ἔχω	20	v	3	p	i	i	a	-	-	-
.	punc1	21	u	-	-	-	-	-	-	-	-

ξυμμείξαντες	συμμίγνυμι	1	v	-	p	a	p	a	m	n	-
δέ	δέ	2	d	-	-	-	-	-	-	-	-
,	punc1	3	u	-	-	-	-	-	-	-	-
ἐπειδὴ	ἐπεί	4	c	-	-	-	-	-	-	-	-
τὰ	ὁ	5	l	-	p	-	-	-	n	n	-
σημεῖα	σημεῖον	6	n	-	p	-	-	-	n	n	-
ἑκατέροις	ἑκάτερος	7	a	-	p	-	-	-	m	d	-
ἤρθη	αἴρω	8	v	3	s	a	i	p	-	-	-
,	punc1	9	u	-	-	-	-	-	-	-	-
ἐναυμάχουν	ναυμαχέω	10	v	3	p	i	i	a	-	-	-
,	punc1	11	u	-	-	-	-	-	-	-	-
πολλοὺς	πολύς	12	a	-	p	-	-	-	m	a	-
μὲν	μέν	13	d	-	-	-	-	-	-	-	-
ὁπλίτας	ὁπλίτης	14	n	-	p	-	-	-	m	a	-
ἔχοντες	ἔχω	15	v	-	p	p	p	a	m	n	-
ἀμφότεροι	ἀμφότερος	16	a	-	p	-	-	-	m	n	-
ἐπὶ	ἐπί	17	r	-	-	-	-	-	-	-	-
τῶν	ὁ	18	l	-	p	-	-	-	n	g	-
καταστρωμάτων	κατάστρωμα	19	n	-	p	-	-	-	n	g	-
,	punc1	20	u	-	-	-	-	-	-	-	-
πολλοὺς	πολύς	21	a	-	p	-	-	-	m	a	-
δὲ	δέ	22	c	-	-	-	-	-	-	-	-
τοξότας	τοξότης	23	n	-	p	-	-	-	m	a	-
τε	τε	24	d	-	-	-	-	-	-	-	-
καὶ	καί	25	c	-	-	-	-	-	-	-	-
ἀκοντιστάς	ἀκοντιστής	26	n	-	p	-	-	-	m	a	-
,	punc1	27	u	-	-	-	-	-	-	-	-
τῷ	ὁ	28	l	-	s	-	-	-	m	d	-
παλαιῷ	παλαιός	29	a	-	s	-	-	-	m	d	-
τρόπῳ	τρόπος	30	n	-	s	-	-	-	m	d	-
ἀπειρότερον	ἄπειρος2	31	a	-	s	-	-	-	n	a	c
ἔτι	ἔτι	32	d	-	-	-	-	-	-	-	-
παρεσκευασμένοι	παρασκευάζω	33	v	-	p	r	p	e	m	n	-
.	punc1	34	u	-	-	-	-	-	-	-	-

ἦν	εἰμί	1	v	3	s	i	i	a	-	-	-
τε	τε	2	d	-	-	-	-	-	-	-	-
ἡ	ὁ	3	l	-	s	-	-	-	f	n	-
ναυμαχία	ναυμαχία	4	n	-	s	-	-	-	f	n	-
καρτερά	καρτερός	5	a	-	s	-	-	-	f	n	-
,	punc1	6	u	-	-	-	-	-	-	-	-
τῇ	ὁ	7	l	-	s	-	-	-	f	d	-
μὲν	μέν	8	d	-	-	-	-	-	-	-	-
τέχνῃ	τέχνη	9	n	-	s	-	-	-	f	d	-
οὐχ	οὐ	10	d	-	-	-	-	-	-	-	-
ὁμοίως	ὁμοῖος	11	d	-	-	-	-	-	-	-	-
,	punc1	12	u	-	-	-	-	-	-	-	-
πεζομαχίᾳ	πεζομαχία	13	n	-	s	-	-	-	f	d	-
δὲ	δέ	14	c	-	-	-	-	-	-	-	-
τὸ	ὁ	15	l	-	s	-	-	-	n	a	-
πλέον	πλείων	16	a	-	s	-	-	-	n	a	c
προσφερὴς	προσφερής	17	a	-	s	-	-	-	f	n	-
οὖσα	εἰμί	18	v	-	s	p	p	a	f	n	-
.	punc1	19	u	-	-	-	-	-	-	-	-

ἐπειδὴ	ἐπεί	1	c	-	-	-	-	-	-	-	-
γὰρ	γάρ	2	d	-	-	-	-	-	-	-	-
προσβάλοιεν	προσβάλλω	3	v	3	p	a	o	a	-	-	-
ἀλλήλοις	ἀλλήλων	4	p	-	p	-	-	-	m	d	-
,	punc1	5	u	-	-	-	-	-	-	-	-
οὐ	οὐ	6	d	-	-	-	-	-	-	-	-
ῥᾳδίως	ῥᾴδιος	7	d	-	-	-	-	-	-	-	-
ἀπελύοντο	ἀπολύω	8	v	3	p	i	i	e	-	-	-
ὑπό	ὑπό	9	r	-	-	-	-	-	-	-	-
τε	τε	10	d	-	-	-	-	-	-	-	-
τοῦ	ὁ	11	l	-	s	-	-	-	n	g	-
πλήθους	πλῆθος	12	n	-	s	-	-	-	n	g	-
καὶ	καί	13	c	-	-	-	-	-	-	-	-
ὄχλου	ὄχλος	14	n	-	s	-	-	-	m	g	-
τῶν	ὁ	15	l	-	p	-	-	-	f	g	-
νεῶν	ναῦς	16	n	-	p	-	-	-	f	g	-
,	punc1	17	u	-	-	-	-	-	-	-	-
καὶ	καί	18	d	-	-	-	-	-	-	-	-
μᾶλλόν	μᾶλλον	19	d	-	-	-	-	-	-	-	-
τι	τις	20	p	-	s	-	-	-	n	a	-
πιστεύοντες	πιστεύω	21	v	-	p	p	p	a	m	n	-
τοῖς	ὁ	22	l	-	p	-	-	-	m	d	-
ἐπὶ	ἐπί	23	r	-	-	-	-	-	-	-	-
τοῦ	ὁ	24	l	-	s	-	-	-	n	g	-
καταστρώματος	κατάστρωμα	25	n	-	s	-	-	-	n	g	-
ὁπλίταις	ὁπλίτης	26	n	-	p	-	-	-	m	d	-
ἐς	εἰς	27	r	-	-	-	-	-	-	-	-
τὴν	ὁ	28	l	-	s	-	-	-	f	a	-
νίκην	νίκη	29	n	-	s	-	-	-	f	a	-
,	punc1	30	u	-	-	-	-	-	-	-	-
οἳ	ὅς	31	p	-	p	-	-	-	m	n	-
καταστάντες	καθίστημι	32	v	-	p	a	p	a	m	n	-
ἐμάχοντο	μάχομαι	33	v	3	p	i	i	e	-	-	-
ἡσυχαζουσῶν	ἡσυχάζω	34	v	-	p	p	p	a	f	g	-
τῶν	ὁ	35	l	-	p	-	-	-	f	g	-
νεῶν	ναῦς	36	n	-	p	-	-	-	f	g	-
:	punc1	37	u	-	-	-	-	-	-	-	-

διέκπλοι	διέκπλοος	1	n	-	p	-	-	-	m	n	-
δ᾽	δέ	2	d	-	-	-	-	-	-	-	-
οὐκ	οὐ	3	d	-	-	-	-	-	-	-	-
ἦσαν	εἰμί	4	v	3	p	i	i	a	-	-	-
,	punc1	5	u	-	-	-	-	-	-	-	-
ἀλλὰ	ἀλλὰ	6	c	-	-	-	-	-	-	-	-
θυμῷ	θυμός	7	n	-	s	-	-	-	m	d	-
καὶ	καί	8	c	-	-	-	-	-	-	-	-
ῥώμῃ	ῥώμη	9	n	-	s	-	-	-	f	d	-
τὸ	ὁ	10	l	-	s	-	-	-	n	a	-
πλέον	πλείων	11	a	-	s	-	-	-	n	a	c
ἐναυμάχουν	ναυμαχέω	12	v	3	p	i	i	a	-	-	-
ἢ	ἤ1	13	c	-	-	-	-	-	-	-	-
ἐπιστήμῃ	ἐπιστήμη	14	n	-	s	-	-	-	f	d	-
.	punc1	15	u	-	-	-	-	-	-	-	-

πανταχῇ	πανταχῆ	1	d	-	-	-	-	-	-	-	-
μὲν	μέν	2	d	-	-	-	-	-	-	-	-
οὖν	οὖν	3	d	-	-	-	-	-	-	-	-
πολὺς	πολύς	4	a	-	s	-	-	-	m	n	-
θόρυβος	θόρυβος	5	n	-	s	-	-	-	m	n	-
καὶ	καί	6	c	-	-	-	-	-	-	-	-
ταραχώδης	ταραχώδης	7	a	-	p	-	-	-	f	n	-
ἦν	εἰμί	8	v	3	s	i	i	a	-	-	-
ἡ	ὁ	9	l	-	s	-	-	-	f	n	-
ναυμαχία	ναυμαχία	10	n	-	s	-	-	-	f	n	-
,	punc1	11	u	-	-	-	-	-	-	-	-
ἐν	ἐν	12	r	-	-	-	-	-	-	-	-
ᾗ	ὅς	13	p	-	s	-	-	-	f	d	-
αἱ	ὁ	14	l	-	p	-	-	-	f	n	-
Ἀττικαὶ	Ἀττικός	15	a	-	p	-	-	-	f	n	-
νῆες	ναῦς	16	n	-	p	-	-	-	f	n	-
παραγιγνόμεναι	παραγίγνομαι	17	v	-	p	p	p	e	f	n	-
τοῖς	ὁ	18	l	-	p	-	-	-	m	d	-
Κερκυραίοις	Κερυκυραῖος	19	n	-	p	-	-	-	m	d	-
,	punc1	20	u	-	-	-	-	-	-	-	-
εἴ	εἰ	21	c	-	-	-	-	-	-	-	-
πῃ	πη	22	d	-	-	-	-	-	-	-	-
πιέζοιντο	πιέζω	23	v	3	p	p	o	e	-	-	-
,	punc1	24	u	-	-	-	-	-	-	-	-
φόβον	φόβος	25	n	-	s	-	-	-	m	a	-
μὲν	μέν	26	d	-	-	-	-	-	-	-	-
παρεῖχον	παρέχω	27	v	3	p	i	i	a	-	-	-
τοῖς	ὁ	28	l	-	p	-	-	-	m	d	-
ἐναντίοις	ἐναντίος	29	a	-	p	-	-	-	m	d	-
,	punc1	30	u	-	-	-	-	-	-	-	-
μάχης	μάχη	31	n	-	s	-	-	-	f	g	-
δὲ	δέ	32	c	-	-	-	-	-	-	-	-
οὐκ	οὐ	33	d	-	-	-	-	-	-	-	-
ἦρχον	ἄρχω	34	v	3	p	i	i	a	-	-	-
δεδιότες	δείδω	35	v	-	p	r	p	a	m	n	-
οἱ	ὁ	36	l	-	p	-	-	-	m	n	-
στρατηγοὶ	στρατηγός	37	n	-	p	-	-	-	m	n	-
τὴν	ὁ	38	l	-	s	-	-	-	f	a	-
πρόρρησιν	πρόρρησις	39	n	-	s	-	-	-	f	a	-
τῶν	ὁ	40	l	-	p	-	-	-	m	g	-
Ἀθηναίων	Ἀθηναῖος	41	n	-	p	-	-	-	m	g	-
.	punc1	42	u	-	-	-	-	-	-	-	-

μάλιστα	μάλιστα	1	d	-	-	-	-	-	-	-	-
δὲ	δέ	2	d	-	-	-	-	-	-	-	-
τὸ	ὁ	3	l	-	s	-	-	-	n	n	-
δεξιὸν	δεξιός	4	a	-	s	-	-	-	n	n	-
κέρας	κέρας	5	n	-	s	-	-	-	n	n	-
τῶν	ὁ	6	l	-	p	-	-	-	m	g	-
Κορινθίων	Κορίνθιος	7	n	-	p	-	-	-	m	g	-
ἐπόνει	πονέω	8	v	3	s	i	i	a	-	-	-
:	punc1	9	u	-	-	-	-	-	-	-	-

οἱ	ὁ	1	l	-	p	-	-	-	m	n	-
γὰρ	γάρ	2	d	-	-	-	-	-	-	-	-
Κερκυραῖοι	Κερυκυραῖος	3	n	-	p	-	-	-	m	n	-
εἴκοσι	εἴκοσι	4	a	-	-	-	-	-	-	-	-
ναυσὶν	ναῦς	5	n	-	p	-	-	-	f	d	-
αὐτοὺς	αὐτός	6	p	-	p	-	-	-	m	a	-
τρεψάμενοι	τρέπω	7	v	-	p	a	p	m	m	n	-
καὶ	καί	8	d	-	-	-	-	-	-	-	-
καταδιώξαντες	καταδιώκω	9	v	-	p	a	p	a	m	n	-
σποράδας	σποράς	10	n	-	p	-	-	-	m	a	-
ἐς	εἰς	11	r	-	-	-	-	-	-	-	-
τὴν	ὁ	12	l	-	s	-	-	-	f	a	-
ἤπειρον	ἤπειρος	13	n	-	s	-	-	-	f	a	-
καὶ	καί	14	d	-	-	-	-	-	-	-	-
μέχρι	μέχρι	15	r	-	-	-	-	-	-	-	-
τοῦ	ὁ	16	l	-	s	-	-	-	n	g	-
στρατοπέδου	στρατόπεδον	17	n	-	s	-	-	-	n	g	-
πλεύσαντες	πλέω	18	v	-	p	a	p	a	m	n	-
αὐτῶν	αὐτός	19	p	-	p	-	-	-	m	g	-
καὶ	καί	20	c	-	-	-	-	-	-	-	-
ἐπεκβάντες	ἐπεκβαίνω	21	v	-	p	a	p	a	m	n	-
ἐνέπρησάν	ἐμπρήθω	22	v	3	p	a	i	a	-	-	-
τε	τε	23	d	-	-	-	-	-	-	-	-
τὰς	ὁ	24	l	-	p	-	-	-	f	a	-
σκηνὰς	σκηνή	25	n	-	p	-	-	-	f	a	-
ἐρήμους	ἐρῆμος	26	a	-	p	-	-	-	f	a	-
καὶ	καί	27	c	-	-	-	-	-	-	-	-
τὰ	ὁ	28	l	-	p	-	-	-	n	a	-
χρήματα	χρῆμα	29	n	-	p	-	-	-	n	a	-
διήρπασαν	διαρπάζω	30	v	3	p	a	i	a	-	-	-
.	punc1	31	u	-	-	-	-	-	-	-	-

ταύτῃ	ταύτῃ	1	d	-	-	-	-	-	-	-	-
μὲν	μέν	2	d	-	-	-	-	-	-	-	-
οὖν	οὖν	3	d	-	-	-	-	-	-	-	-
οἱ	ὁ	4	l	-	p	-	-	-	m	n	-
Κορίνθιοι	Κορίνθιος	5	n	-	p	-	-	-	m	n	-
καὶ	καί	6	c	-	-	-	-	-	-	-	-
οἱ	ὁ	7	l	-	p	-	-	-	m	n	-
ξύμμαχοι	σύμμαχος	8	n	-	p	-	-	-	m	n	-
ἡσσῶντό	ἡσσάομαι	9	v	3	p	i	i	e	-	-	-
[	punc1	10	u	-	-	-	-	-	-	-	-
τε	τε	11	d	-	-	-	-	-	-	-	-
]	punc1	12	u	-	-	-	-	-	-	-	-
καὶ	καί	13	c	-	-	-	-	-	-	-	-
οἱ	ὁ	14	l	-	p	-	-	-	m	n	-
Κερκυραῖοι	Κερυκυραῖος	15	n	-	p	-	-	-	m	n	-
ἐπεκράτουν	ἐπικρατέω	16	v	3	p	i	i	a	-	-	-
:	punc1	17	u	-	-	-	-	-	-	-	-

ᾗ	ᾗ	1	d	-	-	-	-	-	-	-	-
δὲ	δέ	2	d	-	-	-	-	-	-	-	-
αὐτοὶ	αὐτός	3	a	-	p	-	-	-	m	n	_
ἦσαν	εἰμί	4	v	3	p	i	i	a	-	-	-
οἱ	ὁ	5	l	-	p	-	-	-	m	n	-
Κορίνθιοι	Κορίνθιος	6	n	-	p	-	-	-	m	n	-
,	punc1	7	u	-	-	-	-	-	-	-	-
ἐπὶ	ἐπί	8	r	-	-	-	-	-	-	-	-
τῷ	ὁ	9	l	-	s	-	-	-	m	d	-
εὐωνύμῳ	εὐώνυμος	10	a	-	s	-	-	-	m	d	-
,	punc1	11	u	-	-	-	-	-	-	-	-
πολὺ	πολύς	12	a	-	s	-	-	-	n	a	-
ἐνίκων	νικάω	13	v	3	p	i	i	a	-	-	-
,	punc1	14	u	-	-	-	-	-	-	-	-
τοῖς	ὁ	15	l	-	p	-	-	-	m	d	-
Κερκυραίοις	Κερυκυραῖος	16	n	-	p	-	-	-	m	d	-
τῶν	ὁ	17	l	-	p	-	-	-	f	g	-
εἴκοσι	εἴκοσι	18	a	-	-	-	-	-	-	-	-
νεῶν	ναῦς	19	n	-	p	-	-	-	f	g	-
ἀπὸ	ἀπό	20	r	-	-	-	-	-	-	-	-
ἐλάσσονος	ἐλάσσων	21	a	-	s	-	-	-	n	g	c
πλήθους	πλῆθος	22	n	-	s	-	-	-	n	g	-
ἐκ	ἐκ	23	r	-	-	-	-	-	-	-	-
τῆς	ὁ	24	l	-	s	-	-	-	f	g	-
διώξεως	δίωξις	25	n	-	s	-	-	-	f	g	-
οὐ	οὐ	26	d	-	-	-	-	-	-	-	-
παρουσῶν	πάρειμι1	27	v	-	p	p	p	a	f	g	-
.	punc1	28	u	-	-	-	-	-	-	-	-

οἱ	ὁ	1	l	-	p	-	-	-	m	n	-
δὲ	δέ	2	d	-	-	-	-	-	-	-	-
Ἀθηναῖοι	Ἀθηναῖος	3	n	-	p	-	-	-	m	n	-
ὁρῶντες	ὁράω	4	v	-	p	p	p	a	m	n	-
τοὺς	ὁ	5	l	-	p	-	-	-	m	a	-
Κερκυραίους	Κερυκυραῖος	6	n	-	p	-	-	-	m	a	-
πιεζομένους	πιέζω	7	v	-	p	p	p	e	m	a	-
μᾶλλον	μᾶλλον	8	d	-	-	-	-	-	-	-	-
ἤδη	ἤδη	9	d	-	-	-	-	-	-	-	-
ἀπροφασίστως	ἀπροφάσιστος	10	d	-	-	-	-	-	-	-	-
ἐπεκούρουν	ἐπί-ἐπικουρέω	11	v	3	p	i	i	a	-	-	-
,	punc1	12	u	-	-	-	-	-	-	-	-
τὸ	ὁ	13	l	-	s	-	-	-	n	a	-
μὲν	μέν	14	d	-	-	-	-	-	-	-	-
πρῶτον	πρῶτος	15	a	-	s	-	-	-	n	a	-
ἀπεχόμενοι	ἀπέχω	16	v	-	p	p	p	e	m	n	-
ὥστε	ὥστε	17	c	-	-	-	-	-	-	-	-
μὴ	μή	18	d	-	-	-	-	-	-	-	-
ἐμβάλλειν	ἐμβάλλω	19	v	-	-	p	n	a	-	-	-
τινί	τις	20	p	-	s	-	-	-	m	d	-
:	punc1	21	u	-	-	-	-	-	-	-	-

ἐπειδὴ	ἐπεί	1	c	-	-	-	-	-	-	-	-
δὲ	δέ	2	d	-	-	-	-	-	-	-	-
ἡ	ὁ	3	l	-	s	-	-	-	f	n	-
τροπὴ	τροπή	4	n	-	s	-	-	-	f	n	-
ἐγίγνετο	γίγνομαι	5	v	3	s	i	i	e	-	-	-
λαμπρῶς	λαμπρός	6	d	-	-	-	-	-	-	-	-
καὶ	καί	7	c	-	-	-	-	-	-	-	-
ἐνέκειντο	ἔγκειμαι	8	v	3	p	i	i	e	-	-	-
οἱ	ὁ	9	l	-	p	-	-	-	m	n	-
Κορίνθιοι	Κορίνθιος	10	n	-	p	-	-	-	m	n	-
,	punc1	11	u	-	-	-	-	-	-	-	-
τότε	τότε	12	d	-	-	-	-	-	-	-	-
δὴ	δή	13	d	-	-	-	-	-	-	-	-
ἔργου	ἔργον	14	n	-	s	-	-	-	n	g	-
πᾶς	πᾶς	15	a	-	s	-	-	-	m	n	-
εἴχετο	ἔχω	16	v	3	s	i	i	e	-	-	-
ἤδη	ἤδη	17	d	-	-	-	-	-	-	-	-
καὶ	καί	18	c	-	-	-	-	-	-	-	-
διεκέκριτο	διακρίνω	19	v	3	s	l	i	e	-	-	-
οὐδὲν	οὐδείς	20	p	-	s	-	-	-	n	n	-
ἔτι	ἔτι	21	d	-	-	-	-	-	-	-	-
,	punc1	22	u	-	-	-	-	-	-	-	-
ἀλλὰ	ἀλλὰ	23	c	-	-	-	-	-	-	-	-
ξυνέπεσεν	συμπίτνω	24	v	3	s	a	i	a	-	-	-
ἐς	εἰς	25	r	-	-	-	-	-	-	-	-
τοῦτο	οὗτος	26	p	-	s	-	-	-	n	a	-
ἀνάγκης	ἀνάγκη	27	n	-	s	-	-	-	f	g	-
ὥστε	ὥστε	28	c	-	-	-	-	-	-	-	-
ἐπιχειρῆσαι	ἐπιχειρέω	29	v	-	-	a	n	a	-	-	-
ἀλλήλοις	ἀλλήλων	30	p	-	p	-	-	-	m	d	-
τοὺς	ὁ	31	l	-	p	-	-	-	m	a	-
Κορινθίους	Κορίνθιος	32	n	-	p	-	-	-	m	a	-
καὶ	καί	33	c	-	-	-	-	-	-	-	-
Ἀθηναίους	Ἀθηναῖος	34	n	-	p	-	-	-	m	a	-
.	punc1	35	u	-	-	-	-	-	-	-	-

τῆς	ὁ	1	l	-	s	-	-	-	f	g	-
δὲ	δέ	2	d	-	-	-	-	-	-	-	-
τροπῆς	τροπή	3	n	-	s	-	-	-	f	g	-
γενομένης	γίγνομαι	4	v	-	s	a	p	m	f	g	-
οἱ	ὁ	5	l	-	p	-	-	-	m	n	-
Κορίνθιοι	Κορίνθιος	6	n	-	p	-	-	-	m	n	-
τὰ	ὁ	7	l	-	p	-	-	-	n	a	-
σκάφη	σκάφος2	8	n	-	p	-	-	-	n	a	-
μὲν	μέν	9	d	-	-	-	-	-	-	-	-
οὐχ	οὐ	10	d	-	-	-	-	-	-	-	-
εἷλκον	ἕλκω	11	v	3	p	i	i	a	-	-	-
ἀναδούμενοι	ἀναδέω	12	v	-	p	p	p	e	m	n	-
τῶν	ὁ	13	l	-	p	-	-	-	f	g	-
νεῶν	ναῦς	14	n	-	p	-	-	-	f	g	-
ἃς	ὅς	15	p	-	p	-	-	-	f	a	-
καταδύσειαν	κατά-δύω1	16	v	3	p	a	o	a	-	-	-
,	punc1	17	u	-	-	-	-	-	-	-	-
πρὸς	πρός	18	r	-	-	-	-	-	-	-	-
δὲ	δέ	19	c	-	-	-	-	-	-	-	-
τοὺς	ὁ	20	l	-	p	-	-	-	m	a	-
ἀνθρώπους	ἄνθρωπος	21	n	-	p	-	-	-	m	a	-
ἐτράποντο	τρέπω	22	v	3	p	a	i	m	-	-	-
φονεύειν	φονεύω	23	v	-	-	p	n	a	-	-	-
διεκπλέοντες	διεκπλέω	24	v	-	p	p	p	a	m	n	-
μᾶλλον	μᾶλλον	25	d	-	-	-	-	-	-	-	-
ἢ	ἤ1	26	c	-	-	-	-	-	-	-	-
ζωγρεῖν	ζωγρέω	27	v	-	-	p	n	a	-	-	-
,	punc1	28	u	-	-	-	-	-	-	-	-
τούς	ὁ	29	l	-	p	-	-	-	m	a	-
τε	τε	30	c	-	-	-	-	-	-	-	-
αὑτῶν	ἑαυτοῦ	31	p	-	p	-	-	-	m	g	-
φίλους	φίλος	32	n	-	p	-	-	-	m	a	-
,	punc1	33	u	-	-	-	-	-	-	-	-
οὐκ	οὐ	34	d	-	-	-	-	-	-	-	-
ᾐσθημένοι	αἰσθάνομαι	35	v	-	p	r	p	m	m	n	-
ὅτι	ὅτι2	36	c	-	-	-	-	-	-	-	-
ἥσσηντο	ἡσσάομαι	37	v	3	p	l	i	e	-	-	-
οἱ	ὁ	38	l	-	p	-	-	-	m	n	-
ἐπὶ	ἐπί	39	r	-	-	-	-	-	-	-	-
τῷ	ὁ	40	l	-	s	-	-	-	n	d	-
δεξιῷ	δεξιός	41	a	-	s	-	-	-	n	d	-
κέρᾳ	κέρας	42	n	-	s	-	-	-	n	d	-
,	punc1	43	u	-	-	-	-	-	-	-	-
ἀγνοοῦντες	ἀγνοέω	44	v	-	p	p	p	a	m	n	-
ἔκτεινον	κτείνω	45	v	3	p	i	i	a	-	-	-
.	punc1	46	u	-	-	-	-	-	-	-	-

πολλῶν	πολύς	1	a	-	p	-	-	-	f	g	-
γὰρ	γάρ	2	d	-	-	-	-	-	-	-	-
νεῶν	ναῦς	3	n	-	p	-	-	-	f	g	-
οὐσῶν	εἰμί	4	v	-	p	p	p	a	f	g	-
ἀμφοτέρων	ἀμφότερος	5	a	-	p	-	-	-	f	g	-
καὶ	καί	6	c	-	-	-	-	-	-	-	-
ἐπὶ	ἐπί	7	r	-	-	-	-	-	-	-	-
πολὺ	πολύς	8	a	-	s	-	-	-	n	a	-
τῆς	ὁ	9	l	-	s	-	-	-	f	g	-
θαλάσσης	θάλασσα	10	n	-	s	-	-	-	f	g	-
ἐπεχουσῶν	ἐπώχατο	11	v	-	p	p	p	a	f	g	-
,	punc1	12	u	-	-	-	-	-	-	-	-
ἐπειδὴ	ἐπεί	13	c	-	-	-	-	-	-	-	-
ξυνέμειξαν	συμμίγνυμι	14	v	3	p	a	i	a	-	-	-
ἀλλήλοις	ἀλλήλων	15	p	-	p	-	-	-	m	d	-
,	punc1	16	u	-	-	-	-	-	-	-	-
οὐ	οὐ	17	d	-	-	-	-	-	-	-	-
ῥᾳδίως	ῥᾴδιος	18	d	-	-	-	-	-	-	-	-
τὴν	ὁ	19	l	-	s	-	-	-	f	a	-
διάγνωσιν	διάγνωσις	20	n	-	s	-	-	-	f	a	-
ἐποιοῦντο	ποιέω	21	v	3	p	i	i	e	-	-	-
ὁποῖοι	ὁποῖος	22	a	-	p	-	-	-	m	n	-
ἐκράτουν	κρατέω	23	v	3	p	i	i	a	-	-	-
ἢ	ἤ1	24	c	-	-	-	-	-	-	-	-
ἐκρατοῦντο	κρατέω	25	v	3	p	i	i	e	-	-	-
:	punc1	26	u	-	-	-	-	-	-	-	-

ναυμαχία	ναυμαχία	1	n	-	s	-	-	-	f	n	-
γὰρ	γάρ	2	d	-	-	-	-	-	-	-	-
αὕτη	οὗτος	3	a	-	s	-	-	-	f	n	_
Ἕλλησι	Ἕλλην	4	n	-	p	-	-	-	m	d	-
πρὸς	πρός	5	r	-	-	-	-	-	-	-	-
Ἕλληνας	Ἕλλην	6	n	-	p	-	-	-	m	a	-
νεῶν	ναῦς	7	n	-	p	-	-	-	f	g	-
πλήθει	πλῆθος	8	n	-	s	-	-	-	n	d	-
μεγίστη	μέγας	9	a	-	s	-	-	-	f	n	-
δὴ	δή	10	d	-	-	-	-	-	-	-	-
τῶν	ὁ	11	l	-	p	-	-	-	f	g	-
πρὸ	πρό	12	r	-	-	-	-	-	-	-	-
αὑτῆς	ἑαυτοῦ	13	p	-	s	-	-	-	f	g	-
γεγένηται	γίγνομαι	14	v	3	s	r	i	e	-	-	-
.	punc1	15	u	-	-	-	-	-	-	-	-

ἐπειδὴ	ἐπεί	1	c	-	-	-	-	-	-	-	-
δὲ	δέ	2	d	-	-	-	-	-	-	-	-
κατεδίωξαν	καταδιώκω	3	v	3	p	a	i	a	-	-	-
τοὺς	ὁ	4	l	-	p	-	-	-	m	a	-
Κερκυραίους	Κερυκυραῖος	5	n	-	p	-	-	-	m	a	-
οἱ	ὁ	6	l	-	p	-	-	-	m	n	-
Κορίνθιοι	Κορίνθιος	7	n	-	p	-	-	-	m	n	-
ἐς	εἰς	8	r	-	-	-	-	-	-	-	-
τὴν	ὁ	9	l	-	s	-	-	-	f	a	-
γῆν	γῆ	10	n	-	s	-	-	-	f	a	-
,	punc1	11	u	-	-	-	-	-	-	-	-
πρὸς	πρός	12	r	-	-	-	-	-	-	-	-
τὰ	ὁ	13	l	-	p	-	-	-	n	a	-
ναυάγια	ναυάγιον	14	n	-	p	-	-	-	n	a	-
καὶ	καί	15	c	-	-	-	-	-	-	-	-
τοὺς	ὁ	16	l	-	p	-	-	-	m	a	-
νεκροὺς	νεκρός	17	n	-	p	-	-	-	m	a	-
τοὺς	ὁ	18	l	-	p	-	-	-	m	a	-
σφετέρους	σφέτερος	19	a	-	p	-	-	-	m	a	-
ἐτράποντο	τρέπω	20	v	3	p	a	i	m	-	-	-
,	punc1	21	u	-	-	-	-	-	-	-	-
καὶ	καί	22	c	-	-	-	-	-	-	-	-
τῶν	ὁ	23	l	-	p	-	-	-	m	g	-
πλείστων	πλεῖστος	24	a	-	p	-	-	-	m	g	-
ἐκράτησαν	κρατέω	25	v	3	p	a	i	a	-	-	-
ὥστε	ὥστε	26	c	-	-	-	-	-	-	-	-
προσκομίσαι	προσκομίζω	27	v	-	-	a	n	a	-	-	-
πρὸς	πρός	28	r	-	-	-	-	-	-	-	-
τὰ	ὁ	29	l	-	p	-	-	-	n	a	-
Σύβοτα	Σύβοτα	30	n	-	p	-	-	-	n	a	-
,	punc1	31	u	-	-	-	-	-	-	-	-
οἷ	οἷ	32	d	-	-	-	-	-	-	-	-
αὐτοῖς	αὐτός	33	p	-	p	-	-	-	m	d	-
ὁ	ὁ	34	l	-	s	-	-	-	m	n	-
κατὰ	κατά	35	r	-	-	-	-	-	-	-	-
γῆν	γῆ	36	n	-	s	-	-	-	f	a	-
στρατὸς	στρατός	37	n	-	s	-	-	-	m	n	-
τῶν	ὁ	38	l	-	p	-	-	-	m	g	-
βαρβάρων	βάρβαρος	39	n	-	p	-	-	-	m	g	-
προσεβεβοηθήκει	προσβοηθέω	40	v	3	s	l	i	a	-	-	-
:	punc1	41	u	-	-	-	-	-	-	-	-

ἔστι	εἰμί	1	v	3	s	p	i	a	-	-	-
δὲ	δέ	2	d	-	-	-	-	-	-	-	-
τὰ	ὁ	3	l	-	p	-	-	-	n	n	-
Σύβοτα	Σύβοτα	4	n	-	p	-	-	-	n	n	-
τῆς	ὁ	5	l	-	s	-	-	-	f	g	-
Θεσπρωτίδος	Θεσπρωτίς	6	n	-	s	-	-	-	f	g	-
λιμὴν	λιμήν	7	n	-	s	-	-	-	m	n	-
ἐρῆμος	ἐρῆμος	8	a	-	s	-	-	-	m	n	-
.	punc1	9	u	-	-	-	-	-	-	-	-

τοῦτο	οὗτος	1	p	-	s	-	-	-	n	a	-
δὲ	δέ	2	c	-	-	-	-	-	-	-	-
ποιήσαντες	ποιέω	3	v	-	p	a	p	a	m	n	-
αὖθις	αὖθις	4	d	-	-	-	-	-	-	-	-
ἁθροισθέντες	ἀθροίζω	5	v	-	p	a	p	p	m	n	-
ἐπέπλεον	ἐπιπλέω	6	v	3	p	i	i	a	-	-	-
τοῖς	ὁ	7	l	-	p	-	-	-	m	d	-
Κερκυραίοις	Κερυκυραῖος	8	n	-	p	-	-	-	m	d	-
.	punc1	9	u	-	-	-	-	-	-	-	-

οἱ	ὁ	1	l	-	p	-	-	-	m	n	-
δὲ	δέ	2	d	-	-	-	-	-	-	-	-
ταῖς	ὁ	3	l	-	p	-	-	-	f	d	-
πλωίμοις	πλώιμος	4	a	-	p	-	-	-	f	d	-
καὶ	καί	5	d	-	-	-	-	-	-	-	-
ὅσαι	ὅσος	6	a	-	p	-	-	-	f	n	-
ἦσαν	εἰμί	7	v	3	p	i	i	a	-	-	-
λοιπαὶ	λοιπός	8	a	-	p	-	-	-	f	n	-
μετὰ	μετά	9	r	-	-	-	-	-	-	-	-
τῶν	ὁ	10	l	-	p	-	-	-	f	g	-
Ἀττικῶν	Ἀττικός	11	a	-	p	-	-	-	f	g	-
νεῶν	ναῦς	12	n	-	p	-	-	-	f	g	-
καὶ	καί	13	c	-	-	-	-	-	-	-	-
αὐτοὶ	αὐτός	14	p	-	p	-	-	-	m	n	-
ἀντεπέπλεον	ἀντί-ἐπιπλέω	15	v	3	p	i	i	a	-	-	-
,	punc1	16	u	-	-	-	-	-	-	-	-
δείσαντες	δείδω	17	v	-	p	a	p	a	m	n	-
μὴ	μή	18	c	-	-	-	-	-	-	-	-
ἐς	εἰς	19	r	-	-	-	-	-	-	-	-
τὴν	ὁ	20	l	-	s	-	-	-	f	a	-
γῆν	γῆ	21	n	-	s	-	-	-	f	a	-
σφῶν	σφεῖς	22	p	-	p	-	-	-	m	g	-
πειρῶσιν	πειράω	23	v	3	p	p	s	a	-	-	-
ἀποβαίνειν	ἀποβαίνω	24	v	-	-	p	n	a	-	-	-
.	punc1	25	u	-	-	-	-	-	-	-	-

ἤδη	ἤδη	1	d	-	-	-	-	-	-	-	-
δὲ	δέ	2	d	-	-	-	-	-	-	-	-
ἦν	εἰμί	3	v	3	s	i	i	a	-	-	-
ὀψὲ	ὀψέ	4	d	-	-	-	-	-	-	-	-
καὶ	καί	5	d	-	-	-	-	-	-	-	-
ἐπεπαιάνιστο	παιανίζω	6	v	3	s	l	i	e	-	-	-
αὐτοῖς	αὐτός	7	p	-	p	-	-	-	m	d	-
ὡς	ὡς	8	c	-	-	-	-	-	-	-	-
ἐς	εἰς	9	r	-	-	-	-	-	-	-	-
ἐπίπλουν	ἐπίπλοος2	10	n	-	s	-	-	-	m	a	-
,	punc1	11	u	-	-	-	-	-	-	-	-
καὶ	καί	12	c	-	-	-	-	-	-	-	-
οἱ	ὁ	13	l	-	p	-	-	-	m	n	-
Κορίνθιοι	Κορίνθιος	14	n	-	p	-	-	-	m	n	-
ἐξαπίνης	ἐξαπίνης	15	d	-	-	-	-	-	-	-	-
πρύμναν	πρύμνα	16	n	-	s	-	-	-	f	a	-
ἐκρούοντο	κρούω	17	v	3	p	i	i	e	-	-	-
κατιδόντες	κατεῖδον	18	v	-	p	a	p	a	m	n	-
εἴκοσι	εἴκοσι	19	a	-	-	-	-	-	-	-	-
ναῦς	ναῦς	20	n	-	p	-	-	-	f	a	-
Ἀθηναίων	Ἀθηναῖος	21	n	-	p	-	-	-	m	g	-
προσπλεούσας	προσπλέω	22	v	-	p	p	p	a	f	a	-
,	punc1	23	u	-	-	-	-	-	-	-	-
ἃς	ὅς	24	p	-	p	-	-	-	f	a	-
ὕστερον	ὕστερος	25	a	-	s	-	-	-	n	a	-
τῶν	ὁ	26	l	-	p	-	-	-	f	g	-
δέκα	δέκα	27	a	-	-	-	-	-	-	-	-
βοηθοὺς	βοηθός	28	a	-	p	-	-	-	f	a	-
ἐξέπεμψαν	ἐκπέμπω	29	v	3	p	a	i	a	-	-	-
οἱ	ὁ	30	l	-	p	-	-	-	m	n	-
Ἀθηναῖοι	Ἀθηναῖος	31	n	-	p	-	-	-	m	n	-
,	punc1	32	u	-	-	-	-	-	-	-	-
δείσαντες	δείδω	33	v	-	p	a	p	a	m	n	-
,	punc1	34	u	-	-	-	-	-	-	-	-
ὅπερ	ὅσπερ	35	p	-	s	-	-	-	n	n	-
ἐγένετο	γίγνομαι	36	v	3	s	a	i	m	-	-	-
,	punc1	37	u	-	-	-	-	-	-	-	-
μὴ	μή	38	c	-	-	-	-	-	-	-	-
νικηθῶσιν	νικάω	39	v	3	p	a	s	p	-	-	-
οἱ	ὁ	40	l	-	p	-	-	-	m	n	-
Κερκυραῖοι	Κερυκυραῖος	41	n	-	p	-	-	-	m	n	-
καὶ	καί	42	c	-	-	-	-	-	-	-	-
αἱ	ὁ	43	l	-	p	-	-	-	f	n	-
σφέτεραι	σφέτερος	44	a	-	p	-	-	-	f	n	-
δέκα	δέκα	45	a	-	-	-	-	-	-	-	-
νῆες	ναῦς	46	n	-	p	-	-	-	f	n	-
ὀλίγαι	ὀλίγος	47	a	-	p	-	-	-	f	n	-
ἀμύνειν	ἀμύνω	48	v	-	-	p	n	a	-	-	-
ὦσιν	εἰμί	49	v	3	p	p	s	a	-	-	-
.	punc1	50	u	-	-	-	-	-	-	-	-

ταύτας	οὗτος	1	p	-	p	-	-	-	f	a	-
οὖν	οὖν	2	d	-	-	-	-	-	-	-	-
προϊδόντες	προεῖδον	3	v	-	p	a	p	a	m	n	-
οἱ	ὁ	4	l	-	p	-	-	-	m	n	-
Κορίνθιοι	Κορίνθιος	5	n	-	p	-	-	-	m	n	-
καὶ	καί	6	c	-	-	-	-	-	-	-	-
ὑποτοπήσαντες	ὑποτοπέω	7	v	-	p	a	p	a	m	n	-
ἀπ᾽	ἀπό	8	r	-	-	-	-	-	-	-	-
Ἀθηνῶν	Ἀθῆναι	9	n	-	p	-	-	-	f	g	-
εἶναι	εἰμί	10	v	-	-	p	n	a	-	-	-
οὐχ	οὐ	11	d	-	-	-	-	-	-	-	-
ὅσας	ὅσος	12	a	-	p	-	-	-	f	a	-
ἑώρων	ὁράω	13	v	3	p	i	i	a	-	-	-
ἀλλὰ	ἀλλὰ	14	c	-	-	-	-	-	-	-	-
πλείους	πλείων	15	a	-	p	-	-	-	f	a	c
ὑπανεχώρουν	ὑπαναχωρέω	16	v	3	p	i	i	a	-	-	-
.	punc1	17	u	-	-	-	-	-	-	-	-

τοῖς	ὁ	1	l	-	p	-	-	-	m	d	-
δὲ	δέ	2	d	-	-	-	-	-	-	-	-
Κερκυραίοις	Κερυκυραῖος	3	n	-	p	-	-	-	m	d	-
ἐπέπλεον	ἐπιπλέω	4	v	3	p	i	i	a	-	-	-
γὰρ	γάρ	5	d	-	-	-	-	-	-	-	-
μᾶλλον	μᾶλλον	6	d	-	-	-	-	-	-	-	-
ἐκ	ἐκ	7	r	-	-	-	-	-	-	-	-
τοῦ	ὁ	8	l	-	s	-	-	-	n	g	-
ἀφανοῦς	ἀφανής	9	a	-	s	-	-	-	n	g	-
οὐχ	οὐ	10	d	-	-	-	-	-	-	-	-
ἑωρῶντο	ὁράω	11	v	3	p	i	i	e	-	-	-
,	punc1	12	u	-	-	-	-	-	-	-	-
καὶ	καί	13	c	-	-	-	-	-	-	-	-
ἐθαύμαζον	θαυμάζω	14	v	3	p	i	i	a	-	-	-
τοὺς	ὁ	15	l	-	p	-	-	-	m	a	-
Κορινθίους	Κορίνθιος	16	n	-	p	-	-	-	m	a	-
πρύμναν	πρύμνα	17	n	-	s	-	-	-	f	a	-
κρουομένους	κρούω	18	v	-	p	p	p	e	m	a	-
,	punc1	19	u	-	-	-	-	-	-	-	-
πρίν	πρίν	20	c	-	-	-	-	-	-	-	-
τινες	τις	21	p	-	p	-	-	-	m	n	-
ἰδόντες	εἶδον	22	v	-	p	a	p	a	m	n	-
εἶπον	εἶπον	23	v	3	p	a	i	a	-	-	-
ὅτι	ὅτι2	24	c	-	-	-	-	-	-	-	-
νῆες	ναῦς	25	n	-	p	-	-	-	f	n	-
ἐκεῖναι	ἐκεῖνος	26	a	-	p	-	-	-	f	n	_
ἐπιπλέουσιν	ἐπιπλέω	27	v	3	p	p	i	a	-	-	-
.	punc1	28	u	-	-	-	-	-	-	-	-

τότε	τότε	1	d	-	-	-	-	-	-	-	-
δὲ	δέ	2	d	-	-	-	-	-	-	-	-
καὶ	καί	3	d	-	-	-	-	-	-	-	-
αὐτοὶ	αὐτός	4	p	-	p	-	-	-	m	n	-
ἀνεχώρουν	ἀναχωρέω	5	v	3	p	i	i	a	-	-	-
:	punc1	6	u	-	-	-	-	-	-	-	-

ξυνεσκόταζε	συσκοτάζω	1	v	3	s	i	i	a	-	-	-
γὰρ	γάρ	2	d	-	-	-	-	-	-	-	-
ἤδη	ἤδη	3	d	-	-	-	-	-	-	-	-
,	punc1	4	u	-	-	-	-	-	-	-	-
καὶ	καί	5	c	-	-	-	-	-	-	-	-
οἱ	ὁ	6	l	-	p	-	-	-	m	n	-
Κορίνθιοι	Κορίνθιος	7	n	-	p	-	-	-	m	n	-
ἀποτραπόμενοι	ἀποτρέπω	8	v	-	p	a	p	m	m	n	-
τὴν	ὁ	9	l	-	s	-	-	-	f	a	-
διάλυσιν	διάλυσις	10	n	-	s	-	-	-	f	a	-
ἐποιήσαντο	ποιέω	11	v	3	p	a	i	m	-	-	-
.	punc1	12	u	-	-	-	-	-	-	-	-

οὕτω	οὕτως	1	d	-	-	-	-	-	-	-	-
μὲν	μέν	2	d	-	-	-	-	-	-	-	-
ἡ	ὁ	3	l	-	s	-	-	-	f	n	-
ἀπαλλαγὴ	ἀπαλλαγή	4	n	-	s	-	-	-	f	n	-
ἐγένετο	γίγνομαι	5	v	3	s	a	i	m	-	-	-
ἀλλήλων	ἀλλήλων	6	p	-	p	-	-	-	m	g	-
,	punc1	7	u	-	-	-	-	-	-	-	-
καὶ	καί	8	c	-	-	-	-	-	-	-	-
ἡ	ὁ	9	l	-	s	-	-	-	f	n	-
ναυμαχία	ναυμαχία	10	n	-	s	-	-	-	f	n	-
ἐτελεύτα	τελευτάω	11	v	3	s	i	i	a	-	-	-
ἐς	εἰς	12	r	-	-	-	-	-	-	-	-
νύκτα	νύξ	13	n	-	s	-	-	-	f	a	-
.	punc1	14	u	-	-	-	-	-	-	-	-

τοῖς	ὁ	1	l	-	p	-	-	-	m	d	-
δὲ	δέ	2	d	-	-	-	-	-	-	-	-
Κερκυραίοις	Κερυκυραῖος	3	n	-	p	-	-	-	m	d	-
στρατοπεδευομένοις	στρατοπεδεύω	4	v	-	p	p	p	e	m	d	-
ἐπὶ	ἐπί	5	r	-	-	-	-	-	-	-	-
τῇ	ὁ	6	l	-	s	-	-	-	f	d	-
Λευκίμμῃ	Λευκίμμη	7	n	-	s	-	-	-	f	d	-
αἱ	ὁ	8	l	-	p	-	-	-	f	n	-
εἴκοσι	εἴκοσι	9	a	-	-	-	-	-	-	-	-
νῆες	ναῦς	10	n	-	p	-	-	-	f	n	-
αἱ	ὁ	11	l	-	p	-	-	-	f	n	-
ἐκ	ἐκ	12	r	-	-	-	-	-	-	-	-
τῶν	ὁ	13	l	-	p	-	-	-	f	g	-
Ἀθηνῶν	Ἀθῆναι	14	n	-	p	-	-	-	f	g	-
αὗται	οὗτος	15	a	-	p	-	-	-	f	n	_
,	punc1	16	u	-	-	-	-	-	-	-	-
ὧν	ὅς	17	p	-	p	-	-	-	f	g	-
ἦρχε	ἄρχω	18	v	3	s	i	i	a	-	-	-
Γλαύκων	Γλαύκων	19	n	-	s	-	-	-	m	n	-
τε	τε	20	d	-	-	-	-	-	-	-	-
ὁ	ὁ	21	l	-	s	-	-	-	m	n	-
Λεάγρου	Λέαγρος	22	n	-	s	-	-	-	m	g	-
καὶ	καί	23	c	-	-	-	-	-	-	-	-
†	punc1	24	u	-	-	-	-	-	-	-	-
Ἀνδοκίδης	Ἀνδοκίδης	25	n	-	s	-	-	-	m	n	-
ὁ	ὁ	26	l	-	s	-	-	-	m	n	-
Λεωγόρου	Λεώγορος	27	n	-	s	-	-	-	m	g	-
†	punc1	28	u	-	-	-	-	-	-	-	-
,	punc1	29	u	-	-	-	-	-	-	-	-
διὰ	διά	30	r	-	-	-	-	-	-	-	-
τῶν	ὁ	31	l	-	p	-	-	-	m	g	-
νεκρῶν	νεκρός	32	n	-	p	-	-	-	m	g	-
καὶ	καί	33	c	-	-	-	-	-	-	-	-
ναυαγίων	ναυάγιον	34	n	-	p	-	-	-	n	g	-
προσκομισθεῖσαι	προσκομίζω	35	v	-	p	a	p	p	f	n	-
κατέπλεον	καταπλέω	36	v	3	p	i	i	a	-	-	-
ἐς	εἰς	37	r	-	-	-	-	-	-	-	-
τὸ	ὁ	38	l	-	s	-	-	-	n	a	-
στρατόπεδον	στρατόπεδον	39	n	-	s	-	-	-	n	a	-
οὐ	οὐ	40	d	-	-	-	-	-	-	-	-
πολλῷ	πολύς	41	a	-	s	-	-	-	n	d	-
ὕστερον	ὕστερος	42	a	-	s	-	-	-	n	a	-
ἢ	ἤ1	43	c	-	-	-	-	-	-	-	-
ὤφθησαν	ὁράω	44	v	3	p	a	i	p	-	-	-
.	punc1	45	u	-	-	-	-	-	-	-	-

οἱ	ὁ	1	l	-	p	-	-	-	m	n	-
δὲ	δέ	2	d	-	-	-	-	-	-	-	-
Κερκυραῖοι	Κερυκυραῖος	3	n	-	p	-	-	-	m	n	-
(	punc1	4	u	-	-	-	-	-	-	-	-
ἦν	εἰμί	5	v	3	s	i	i	a	-	-	-
γὰρ	γάρ	6	d	-	-	-	-	-	-	-	-
νύξ	νύξ	7	n	-	s	-	-	-	f	n	-
)	punc1	8	u	-	-	-	-	-	-	-	-
ἐφοβήθησαν	φοβέω	9	v	3	p	a	i	p	-	-	-
μὴ	μή	10	c	-	-	-	-	-	-	-	-
πολέμιαι	πολέμιος	11	a	-	p	-	-	-	f	n	-
ὦσιν	εἰμί	12	v	3	p	p	s	a	-	-	-
,	punc1	13	u	-	-	-	-	-	-	-	-
ἔπειτα	ἔπειτα	14	c	-	-	-	-	-	-	-	-
δὲ	δέ	15	d	-	-	-	-	-	-	-	-
ἔγνωσαν	γιγνώσκω	16	v	3	p	a	i	a	-	-	-
:	punc1	17	u	-	-	-	-	-	-	-	-

καὶ	καί	1	d	-	-	-	-	-	-	-	-
ὡρμίσαντο	ὁρμίζω	2	v	3	p	a	i	m	-	-	-
.	punc1	3	u	-	-	-	-	-	-	-	-

τῇ	ὁ	1	l	-	s	-	-	-	f	d	-
δὲ	δέ	2	d	-	-	-	-	-	-	-	-
ὑστεραίᾳ	ὑστεραῖος	3	a	-	s	-	-	-	f	d	-
ἀναγαγόμεναι	ἀνάγω	4	v	-	p	a	p	m	f	n	-
αἵ	ὁ	5	l	-	p	-	-	-	f	n	-
τε	τε	6	d	-	-	-	-	-	-	-	-
Ἀττικαὶ	Ἀττικός	7	a	-	p	-	-	-	f	n	-
τριάκοντα	τριάκοντα	8	a	-	-	-	-	-	-	-	-
νῆες	ναῦς	9	n	-	p	-	-	-	f	n	-
καὶ	καί	10	c	-	-	-	-	-	-	-	-
τῶν	ὁ	11	l	-	p	-	-	-	m	g	-
Κερκυραίων	Κερυκυραῖος	12	n	-	p	-	-	-	m	g	-
ὅσαι	ὅσος	13	a	-	p	-	-	-	f	n	-
πλώιμοι	πλώιμος	14	a	-	p	-	-	-	f	n	-
ἦσαν	εἰμί	15	v	3	p	i	i	a	-	-	-
ἐπέπλευσαν	ἐπιπλέω	16	v	3	p	a	i	a	-	-	-
ἐπὶ	ἐπί	17	r	-	-	-	-	-	-	-	-
τὸν	ὁ	18	l	-	s	-	-	-	m	a	-
ἐν	ἐν	19	r	-	-	-	-	-	-	-	-
τοῖς	ὁ	20	l	-	p	-	-	-	n	d	-
Συβότοις	Σύβοτα	21	n	-	p	-	-	-	n	d	-
λιμένα	λιμήν	22	n	-	s	-	-	-	m	a	-
,	punc1	23	u	-	-	-	-	-	-	-	-
ἐν	εἰς	24	r	-	-	-	-	-	-	-	-
ᾧ	ὅς	25	p	-	s	-	-	-	n	d	-
οἱ	ὁ	26	l	-	p	-	-	-	m	n	-
Κορίνθιοι	Κορίνθιος	27	n	-	p	-	-	-	m	n	-
ὥρμουν	ὁρμέω	28	v	3	p	i	i	a	-	-	-
,	punc1	29	u	-	-	-	-	-	-	-	-
βουλόμενοι	βούλομαι	30	v	-	p	p	p	e	m	n	-
εἰδέναι	οἶδα	31	v	-	-	r	n	a	-	-	-
εἰ	εἰ	32	c	-	-	-	-	-	-	-	-
ναυμαχήσουσιν	ναυμαχέω	33	v	3	p	f	i	a	-	-	-
.	punc1	34	u	-	-	-	-	-	-	-	-

οἱ	ὁ	1	l	-	p	-	-	-	m	n	-
δὲ	δέ	2	d	-	-	-	-	-	-	-	-
τὰς	ὁ	3	l	-	p	-	-	-	f	a	-
μὲν	μέν	4	d	-	-	-	-	-	-	-	-
ναῦς	ναῦς	5	n	-	p	-	-	-	f	a	-
ἄραντες	αἴρω	6	v	-	p	a	p	a	m	n	-
ἀπὸ	ἀπό	7	r	-	-	-	-	-	-	-	-
τῆς	ὁ	8	l	-	s	-	-	-	f	g	-
γῆς	γῆ	9	n	-	s	-	-	-	f	g	-
καὶ	καί	10	c	-	-	-	-	-	-	-	-
παραταξάμενοι	παρατάσσω	11	v	-	p	a	p	m	m	n	-
μετεώρους	μετέωρος	12	a	-	p	-	-	-	f	a	-
ἡσύχαζον	ἡσυχάζω	13	v	3	p	i	i	a	-	-	-
,	punc1	14	u	-	-	-	-	-	-	-	-
ναυμαχίας	ναυμαχία	15	n	-	s	-	-	-	f	g	-
οὐ	οὐ	16	d	-	-	-	-	-	-	-	-
διανοούμενοι	διανοέομαι	17	v	-	p	p	p	e	m	n	-
ἄρχειν	ἄρχω	18	v	-	-	p	n	a	-	-	-
ἑκόντες	ἑκών	19	a	-	p	-	-	-	m	n	-
ὁρῶντες	ὁράω	20	v	-	p	p	p	a	m	n	-
προσγεγενημένας	προσγίγνομαι	21	v	-	p	r	p	e	f	a	-
τε	τε	22	d	-	-	-	-	-	-	-	-
ναῦς	ναῦς	23	n	-	p	-	-	-	f	a	-
ἐκ	ἐκ	24	r	-	-	-	-	-	-	-	-
τῶν	ὁ	25	l	-	p	-	-	-	f	g	-
Ἀθηνῶν	Ἀθῆναι	26	n	-	p	-	-	-	f	g	-
ἀκραιφνεῖς	ἀκραιφνής	27	a	-	p	-	-	-	f	a	-
καὶ	καί	28	c	-	-	-	-	-	-	-	-
σφίσι	σφεῖς	29	p	-	p	-	-	-	m	d	-
πολλὰ	πολύς	30	a	-	p	-	-	-	n	a	-
τὰ	ὁ	31	l	-	p	-	-	-	n	a	-
ἄπορα	ἄπορος	32	a	-	p	-	-	-	n	a	-
ξυμβεβηκότα	συμβαίνω	33	v	-	p	r	p	a	n	a	-
,	punc1	34	u	-	-	-	-	-	-	-	-
αἰχμαλώτων	αἰχμάλωτος	35	a	-	p	-	-	-	m	g	-
τε	τε	36	d	-	-	-	-	-	-	-	-
περὶ	περί	37	r	-	-	-	-	-	-	-	-
φυλακῆς	φυλακή	38	n	-	s	-	-	-	f	g	-
οὓς	ὅς	39	p	-	p	-	-	-	m	a	-
ἐν	ἐν	40	r	-	-	-	-	-	-	-	-
ταῖς	ὁ	41	l	-	p	-	-	-	f	d	-
ναυσὶν	ναῦς	42	n	-	p	-	-	-	f	d	-
εἶχον	ἔχω	43	v	3	p	i	i	a	-	-	-
,	punc1	44	u	-	-	-	-	-	-	-	-
καὶ	καί	45	c	-	-	-	-	-	-	-	-
ἐπισκευὴν	ἐπισκευή	46	n	-	s	-	-	-	f	a	-
οὐκ	οὐ	47	d	-	-	-	-	-	-	-	-
οὖσαν	εἰμί	48	v	-	s	p	p	a	f	a	-
τῶν	ὁ	49	l	-	p	-	-	-	f	g	-
νεῶν	ναῦς	50	n	-	p	-	-	-	f	g	-
ἐν	ἐν	51	r	-	-	-	-	-	-	-	-
χωρίῳ	χωρίον	52	n	-	s	-	-	-	n	d	-
ἐρήμῳ	ἐρῆμος	53	a	-	s	-	-	-	n	d	-
:	punc1	54	u	-	-	-	-	-	-	-	-

τοῦ	ὁ	1	l	-	s	-	-	-	m	g	-
δὲ	δέ	2	d	-	-	-	-	-	-	-	-
οἴκαδε	οἴκαδε	3	d	-	-	-	-	-	-	-	-
πλοῦ	πλόος	4	n	-	s	-	-	-	m	g	-
μᾶλλον	μᾶλλον	5	d	-	-	-	-	-	-	-	-
διεσκόπουν	διασκοπέω	6	v	3	p	i	i	a	-	-	-
ὅπῃ	ὅπη	7	d	-	-	-	-	-	-	-	-
κομισθήσονται	κομίζω	8	v	3	p	f	i	p	-	-	-
,	punc1	9	u	-	-	-	-	-	-	-	-
δεδιότες	δείδω	10	v	-	p	r	p	a	m	n	-
μὴ	μή	11	c	-	-	-	-	-	-	-	-
οἱ	ὁ	12	l	-	p	-	-	-	m	n	-
Ἀθηναῖοι	Ἀθηναῖος	13	n	-	p	-	-	-	m	n	-
νομίσαντες	νομίζω	14	v	-	p	a	p	a	m	n	-
λελύσθαι	λύω	15	v	-	-	r	n	e	-	-	-
τὰς	ὁ	16	l	-	p	-	-	-	f	a	-
σπονδάς	σπονδή	17	n	-	p	-	-	-	f	a	-
,	punc1	18	u	-	-	-	-	-	-	-	-
διότι	διότι	19	c	-	-	-	-	-	-	-	-
ἐς	εἰς	20	r	-	-	-	-	-	-	-	-
χεῖρας	χείρ	21	n	-	p	-	-	-	f	a	-
ἦλθον	ἔρχομαι	22	v	3	p	a	i	a	-	-	-
,	punc1	23	u	-	-	-	-	-	-	-	-
οὐκ	οὐ	24	d	-	-	-	-	-	-	-	-
ἐῶσι	ἐάω	25	v	3	p	p	s	a	-	-	-
σφᾶς	σφεῖς	26	p	-	p	-	-	-	m	a	-
ἀποπλεῖν	ἀποπλέω	27	v	-	-	p	n	a	-	-	-
.	punc1	28	u	-	-	-	-	-	-	-	-

ἔδοξεν	δοκέω	1	v	3	s	a	i	a	-	-	-
οὖν	οὖν	2	d	-	-	-	-	-	-	-	-
αὐτοῖς	αὐτός	3	p	-	p	-	-	-	m	d	-
ἄνδρας	ἀνήρ	4	n	-	p	-	-	-	m	a	-
ἐς	εἰς	5	r	-	-	-	-	-	-	-	-
κελήτιον	κελήτιον	6	n	-	s	-	-	-	n	a	-
ἐσβιβάσαντας	εἰσβιβάζω	7	v	-	p	a	p	a	m	a	-
ἄνευ	ἄνευ	8	r	-	-	-	-	-	-	-	-
κηρυκείου	κηρύκειον	9	n	-	s	-	-	-	n	g	-
προσπέμψαι	προσπέμπω	10	v	-	-	a	n	a	-	-	-
τοῖς	ὁ	11	l	-	p	-	-	-	m	d	-
Ἀθηναίοις	Ἀθηναῖος	12	n	-	p	-	-	-	m	d	-
καὶ	καί	13	c	-	-	-	-	-	-	-	-
πεῖραν	πείρω	14	v	3	p	p	n	a	-	-	-
ποιήσασθαι	ποιέω	15	v	-	-	a	n	m	-	-	-
.	punc1	16	u	-	-	-	-	-	-	-	-

πέμψαντές	πέμπω	1	v	-	p	a	p	a	m	n	-
τε	τε	2	d	-	-	-	-	-	-	-	-
ἔλεγον	λέγω3	3	v	3	p	i	i	a	-	-	-
τοιάδε	τοιόσδε	4	p	-	p	-	-	-	n	a	-
.	punc1	5	u	-	-	-	-	-	-	-	-

ἀδικεῖτε	ἀδικέω	1	v	2	p	p	m	a	-	-	-
,	punc1	2	u	-	-	-	-	-	-	-	-
ὦ	ὦ	3	i	-	-	-	-	-	-	-	-
ἄνδρες	ἀνήρ	4	n	-	p	-	-	-	m	v	-
Ἀθηναῖοι	Ἀθηναῖος	5	n	-	p	-	-	-	m	v	-
,	punc1	6	u	-	-	-	-	-	-	-	-
πολέμου	πόλεμος	7	n	-	s	-	-	-	m	g	-
ἄρχοντες	ἄρχων	8	n	-	p	-	-	-	m	n	-
καὶ	καί	9	c	-	-	-	-	-	-	-	-
σπονδὰς	σπονδή	10	n	-	p	-	-	-	f	a	-
λύοντες	λύω	11	v	-	p	p	p	a	m	n	-
:	punc1	12	u	-	-	-	-	-	-	-	-

ἡμῖν	ἐγώ	1	p	1	p	-	-	-	m	d	-
γὰρ	γάρ	2	d	-	-	-	-	-	-	-	-
πολεμίους	πολέμιος	3	n	-	p	-	-	-	m	a	-
τοὺς	ὁ	4	l	-	p	-	-	-	m	a	-
ἡμετέρους	ἡμέτερος	5	a	-	p	-	-	-	m	a	-
τιμωρουμένοις	τιμωρέω	6	v	-	p	p	p	e	m	d	-
ἐμποδὼν	ἐμποδών	7	d	-	-	-	-	-	-	-	-
ἵστασθε	ἵστημι	8	v	2	p	p	i	e	-	-	-
ὅπλα	ὅπλον	9	n	-	p	-	-	-	n	a	-
ἀνταιρόμενοι	ἀνταίρω	10	v	-	p	p	p	e	m	n	-
.	punc1	11	u	-	-	-	-	-	-	-	-

εἰ	εἰ	1	c	-	-	-	-	-	-	-	-
δ᾽	δέ	2	d	-	-	-	-	-	-	-	-
ὑμῖν	σύ	3	p	-	p	-	-	-	m	d	-
γνώμη	γνώμη	4	n	-	s	-	-	-	f	n	-
ἐστὶ	εἰμί	5	v	3	s	p	i	a	-	-	-
κωλύειν	κωλύω	6	v	-	-	p	n	a	-	-	-
τε	τε	7	d	-	-	-	-	-	-	-	-
ἡμᾶς	ἐγώ	8	p	1	p	-	-	-	m	a	-
ἐπὶ	ἐπί	9	r	-	-	-	-	-	-	-	-
Κέρκυραν	Κέρκυρα	10	n	-	s	-	-	-	f	a	-
ἢ	ἤ1	11	c	-	-	-	-	-	-	-	-
ἄλλοσε	ἄλλοτε	12	d	-	-	-	-	-	-	-	-
εἴ	εἰ	13	c	-	-	-	-	-	-	-	-
ποι	ποι	14	d	-	-	-	-	-	-	-	-
βουλόμεθα	βούλομαι	15	v	1	p	p	i	e	-	-	-
πλεῖν	πλέω	16	v	-	-	p	n	a	-	-	-
καὶ	καί	17	c	-	-	-	-	-	-	-	-
τὰς	ὁ	18	l	-	p	-	-	-	f	a	-
σπονδὰς	σπονδή	19	n	-	p	-	-	-	f	a	-
λύετε	λύω	20	v	2	p	p	i	a	-	-	-
,	punc1	21	u	-	-	-	-	-	-	-	-
ἡμᾶς	ἐγώ	22	p	1	p	-	-	-	m	a	-
τούσδε	ὅδε	23	a	-	p	-	-	-	m	a	_
πρώτους	πρότερος	24	a	-	p	-	-	-	m	a	-
λαβόντες	λαμβάνω	25	v	-	p	a	p	a	m	n	-
χρήσασθε	χράω2	26	v	2	p	a	m	m	-	-	-
ὡς	ὡς	27	c	-	-	-	-	-	-	-	-
πολεμίοις	πολέμιος	28	n	-	p	-	-	-	m	d	-
.	punc1	29	u	-	-	-	-	-	-	-	-

οἱ	ὁ	1	l	-	p	-	-	-	m	n	-
μὲν	μέν	2	d	-	-	-	-	-	-	-	-
δὴ	δή	3	d	-	-	-	-	-	-	-	-
τοιαῦτα	τοιοῦτος	4	p	-	p	-	-	-	n	a	-
εἶπον	εἶπον	5	v	3	p	a	i	a	-	-	-
:	punc1	6	u	-	-	-	-	-	-	-	-

τῶν	ὁ	1	l	-	p	-	-	-	m	g	-
δὲ	δέ	2	d	-	-	-	-	-	-	-	-
Κερκυραίων	Κερυκυραῖος	3	n	-	p	-	-	-	m	g	-
τὸ	ὁ	4	l	-	s	-	-	-	n	n	-
μὲν	μέν	5	d	-	-	-	-	-	-	-	-
στρατόπεδον	στρατόπεδον	6	n	-	s	-	-	-	n	n	-
ὅσον	ὅσος	7	a	-	s	-	-	-	n	n	-
ἐπήκουσεν	ἐπακούω	8	v	3	s	a	i	a	-	-	-
ἀνεβόησεν	ἀναβοάω	9	v	3	s	a	i	a	-	-	-
εὐθὺς	εὐθύς2	10	d	-	-	-	-	-	-	-	-
λαβεῖν	λαμβάνω	11	v	-	-	a	n	a	-	-	-
τε	τε	12	d	-	-	-	-	-	-	-	-
αὐτοὺς	αὐτός	13	p	-	p	-	-	-	m	a	-
καὶ	καί	14	c	-	-	-	-	-	-	-	-
ἀποκτεῖναι	ἀποκτείνω	15	v	-	-	a	n	a	-	-	-
,	punc1	16	u	-	-	-	-	-	-	-	-
οἱ	ὁ	17	l	-	p	-	-	-	m	n	-
δὲ	δέ	18	c	-	-	-	-	-	-	-	-
Ἀθηναῖοι	Ἀθηναῖος	19	n	-	p	-	-	-	m	n	-
τοιάδε	τοιόσδε	20	p	-	p	-	-	-	n	a	-
ἀπεκρίναντο	ἀποκρίνω	21	v	3	p	a	i	m	-	-	-
.	punc1	22	u	-	-	-	-	-	-	-	-

οὔ	οὔ	1	d	-	-	-	-	-	-	-	-
-τε	τε	2	d	-	-	-	-	-	-	-	-
ἄρχομεν	ἄρχω	3	v	1	p	p	i	a	-	-	-
πολέμου	πόλεμος	4	n	-	s	-	-	-	m	g	-
,	punc1	5	u	-	-	-	-	-	-	-	-
ὦ	ὦ	6	i	-	-	-	-	-	-	-	-
ἄνδρες	ἀνήρ	7	n	-	p	-	-	-	m	v	-
Πελοποννήσιοι	Πελοποννήσιοι	8	n	-	p	-	-	-	m	v	-
,	punc1	9	u	-	-	-	-	-	-	-	-
οὔ	οὐ	10	d	-	-	-	-	-	-	-	-
-τε	τε	11	c	-	-	-	-	-	-	-	-
τὰς	ὁ	12	l	-	p	-	-	-	f	a	-
σπονδὰς	σπονδή	13	n	-	p	-	-	-	f	a	-
λύομεν	λύω	14	v	1	p	p	i	a	-	-	-
,	punc1	15	u	-	-	-	-	-	-	-	-
Κερκυραίοις	Κερυκυραῖος	16	n	-	p	-	-	-	m	d	-
δὲ	δέ	17	c	-	-	-	-	-	-	-	-
τοῖσδε	ὅδε	18	a	-	p	-	-	-	m	d	_
ξυμμάχοις	σύμμαχος	19	n	-	p	-	-	-	m	d	-
οὖσι	εἰμί	20	v	-	p	p	p	a	m	d	-
βοηθοὶ	βοηθός	21	a	-	p	-	-	-	m	n	-
ἤλθομεν	ἔρχομαι	22	v	1	p	a	i	a	-	-	-
.	punc1	23	u	-	-	-	-	-	-	-	-

εἰ	εἰ	1	c	-	-	-	-	-	-	-	-
μὲν	μέν	2	d	-	-	-	-	-	-	-	-
οὖν	οὖν	3	d	-	-	-	-	-	-	-	-
ἄλλοσέ	ἄλλοτε	4	d	-	-	-	-	-	-	-	-
ποι	ποι	5	d	-	-	-	-	-	-	-	-
βούλεσθε	βούλομαι	6	v	2	p	p	i	e	-	-	-
πλεῖν	πλέω	7	v	-	-	p	n	a	-	-	-
,	punc1	8	u	-	-	-	-	-	-	-	-
οὐ	οὐ	9	d	-	-	-	-	-	-	-	-
κωλύομεν	κωλύω	10	v	1	p	p	i	a	-	-	-
:	punc1	11	u	-	-	-	-	-	-	-	-

εἰ	εἰ	1	c	-	-	-	-	-	-	-	-
δὲ	δέ	2	d	-	-	-	-	-	-	-	-
ἐπὶ	ἐπί	3	r	-	-	-	-	-	-	-	-
Κέρκυραν	Κέρκυρα	4	n	-	s	-	-	-	f	a	-
πλευσεῖσθε	πλέω	5	v	2	p	f	i	m	-	-	-
ἢ	ἤ1	6	c	-	-	-	-	-	-	-	-
ἐς	εἰς	7	r	-	-	-	-	-	-	-	-
τῶν	ὁ	8	l	-	p	-	-	-	m	g	-
ἐκείνων	ἐκεῖνος	9	p	-	p	-	-	-	m	g	-
τι	τις	10	p	-	s	-	-	-	n	a	-
χωρίων	χωρίον	11	n	-	p	-	-	-	n	g	-
,	punc1	12	u	-	-	-	-	-	-	-	-
οὐ	οὐ	13	d	-	-	-	-	-	-	-	-
περιοψόμεθα	περιοράω	14	v	1	p	f	i	m	-	-	-
κατὰ	κατά	15	r	-	-	-	-	-	-	-	-
τὸ	ὁ	16	l	-	s	-	-	-	n	a	-
δυνατόν	δυνατός	17	a	-	s	-	-	-	n	a	-
.	punc1	18	u	-	-	-	-	-	-	-	-

τοιαῦτα	τοιοῦτος	1	p	-	p	-	-	-	n	a	-
τῶν	ὁ	2	l	-	p	-	-	-	m	g	-
Ἀθηναίων	Ἀθηναῖος	3	n	-	p	-	-	-	m	g	-
ἀποκριναμένων	ἀποκρίνω	4	v	-	p	a	p	m	m	g	-
οἱ	ὁ	5	l	-	p	-	-	-	m	n	-
μὲν	μέν	6	d	-	-	-	-	-	-	-	-
Κορίνθιοι	Κορίνθιος	7	n	-	p	-	-	-	m	n	-
τόν	ὁ	8	l	-	s	-	-	-	m	a	-
τε	τε	9	d	-	-	-	-	-	-	-	-
πλοῦν	πλόος	10	n	-	s	-	-	-	m	a	-
τὸν	ὁ	11	l	-	s	-	-	-	m	a	-
ἐπ᾽	ἐπί	12	r	-	-	-	-	-	-	-	-
οἴκου	οἶκος	13	n	-	s	-	-	-	m	g	-
παρεσκευάζοντο	παρασκευάζω	14	v	3	p	i	i	e	-	-	-
καὶ	καί	15	c	-	-	-	-	-	-	-	-
τροπαῖον	τροπαῖον	16	n	-	s	-	-	-	n	a	-
ἔστησαν	ἵστημι	17	v	3	p	a	i	a	-	-	-
ἐν	ἐν	18	r	-	-	-	-	-	-	-	-
τοῖς	ὁ	19	l	-	p	-	-	-	n	d	-
ἐν	ἐν	20	r	-	-	-	-	-	-	-	-
τῇ	ὁ	21	l	-	s	-	-	-	f	d	-
ἠπείρῳ	ἤπειρος	22	n	-	s	-	-	-	f	d	-
Συβότοις	Σύβοτα	23	n	-	p	-	-	-	n	d	-
:	punc1	24	u	-	-	-	-	-	-	-	-

οἱ	ὁ	1	l	-	p	-	-	-	m	n	-
δὲ	δέ	2	d	-	-	-	-	-	-	-	-
Κερκυραῖοι	Κερυκυραῖος	3	n	-	p	-	-	-	m	n	-
τά	ὁ	4	l	-	p	-	-	-	n	a	-
τε	τε	5	d	-	-	-	-	-	-	-	-
ναυάγια	ναυάγιον	6	n	-	p	-	-	-	n	a	-
καὶ	καί	7	c	-	-	-	-	-	-	-	-
νεκροὺς	νεκρός	8	n	-	p	-	-	-	m	a	-
ἀνείλοντο	ἀναιρέω	9	v	3	p	a	i	m	-	-	-
τὰ	ὁ	10	l	-	p	-	-	-	n	a	-
κατὰ	κατά	11	r	-	-	-	-	-	-	-	-
σφᾶς	σφεῖς	12	p	-	p	-	-	-	m	a	-
ἐξενεχθέντα	ἐκφέρω	13	v	-	p	a	p	p	n	a	-
ὑπό	ὑπό	14	r	-	-	-	-	-	-	-	-
τε	τε	15	d	-	-	-	-	-	-	-	-
τοῦ	ὁ	16	l	-	s	-	-	-	m	g	-
ῥοῦ	ῥόος	17	n	-	s	-	-	-	m	g	-
καὶ	καί	18	c	-	-	-	-	-	-	-	-
ἀνέμου	ἄνεμος	19	n	-	s	-	-	-	m	g	-
,	punc1	20	u	-	-	-	-	-	-	-	-
ὃς	ὅς	21	p	-	s	-	-	-	m	n	-
γενόμενος	γίγνομαι	22	v	-	s	a	p	m	m	n	-
τῆς	ὁ	23	l	-	s	-	-	-	f	g	-
νυκτὸς	νύξ	24	n	-	s	-	-	-	f	g	-
διεσκέδασεν	διασκεδάννυμι	25	v	3	s	a	i	a	-	-	-
αὐτὰ	αὐτός	26	p	-	p	-	-	-	n	a	-
πανταχῇ	πανταχῆ	27	d	-	-	-	-	-	-	-	-
,	punc1	28	u	-	-	-	-	-	-	-	-
καὶ	καί	29	c	-	-	-	-	-	-	-	-
τροπαῖον	τροπαῖον	30	n	-	s	-	-	-	n	a	-
ἀντέστησαν	ἀνθίστημι	31	v	3	p	a	i	a	-	-	-
ἐν	ἐν	32	r	-	-	-	-	-	-	-	-
τοῖς	ὁ	33	l	-	p	-	-	-	n	d	-
ἐν	ἐν	34	r	-	-	-	-	-	-	-	-
τῇ	ὁ	35	l	-	s	-	-	-	f	d	-
νήσῳ	νῆσος	36	n	-	s	-	-	-	f	d	-
Συβότοις	Σύβοτα	37	n	-	p	-	-	-	n	d	-
ὡς	ὡς	38	d	-	-	-	-	-	-	-	-
νενικηκότες	νικάω	39	v	-	p	r	p	a	m	n	-
.	punc1	40	u	-	-	-	-	-	-	-	-

γνώμῃ	γνώμη	1	n	-	s	-	-	-	f	d	-
δὲ	δέ	2	d	-	-	-	-	-	-	-	-
τοιᾷδε	τοιόσδε	3	a	-	s	-	-	-	f	d	_
ἑκάτεροι	ἑκάτερος	4	a	-	p	-	-	-	m	n	-
τὴν	ὁ	5	l	-	s	-	-	-	f	a	-
νίκην	νίκη	6	n	-	s	-	-	-	f	a	-
προσεποιήσαντο	προσποιέω	7	v	3	p	a	i	m	-	-	-
:	punc1	8	u	-	-	-	-	-	-	-	-

Κορίνθιοι	Κορίνθιος	1	n	-	p	-	-	-	m	n	-
μὲν	μέν	2	d	-	-	-	-	-	-	-	-
κρατήσαντες	κρατέω	3	v	-	p	a	p	a	m	n	-
τῇ	ὁ	4	l	-	s	-	-	-	f	d	-
ναυμαχίᾳ	ναυμαχία	5	n	-	s	-	-	-	f	d	-
μέχρι	μέχρι	6	r	-	-	-	-	-	-	-	-
νυκτός	νύξ	7	n	-	s	-	-	-	f	g	-
,	punc1	8	u	-	-	-	-	-	-	-	-
ὥστε	ὥστε	9	c	-	-	-	-	-	-	-	-
καὶ	καί	10	d	-	-	-	-	-	-	-	-
ναυάγια	ναυάγιον	11	n	-	p	-	-	-	n	a	-
πλεῖστα	πλεῖστος	12	a	-	p	-	-	-	n	a	-
καὶ	καί	13	c	-	-	-	-	-	-	-	-
νεκροὺς	νεκρός	14	n	-	p	-	-	-	m	a	-
προσκομίσασθαι	προσκομίζω	15	v	-	-	a	n	m	-	-	-
,	punc1	16	u	-	-	-	-	-	-	-	-
καὶ	καί	17	d	-	-	-	-	-	-	-	-
ἄνδρας	ἀνήρ	18	n	-	p	-	-	-	m	a	-
ἔχοντες	ἔχω	19	v	-	p	p	p	a	m	n	-
αἰχμαλώτους	αἰχμάλωτος	20	a	-	p	-	-	-	m	a	-
οὐκ	οὐ	21	d	-	-	-	-	-	-	-	-
ἐλάσσους	ἐλάσσων	22	a	-	p	-	-	-	m	a	c
χιλίων	χίλιοι	23	a	-	p	-	-	-	m	g	-
ναῦς	ναῦς	24	n	-	p	-	-	-	f	a	-
τε	τε	25	c	-	-	-	-	-	-	-	-
καταδύσαντες	κατά-δύω1	26	v	-	p	a	p	a	m	n	-
περὶ	περί	27	r	-	-	-	-	-	-	-	-
ἑβδομήκοντα	ἑβδομήκοντα	28	a	-	-	-	-	-	-	-	-
ἔστησαν	ἵστημι	29	v	3	p	a	i	a	-	-	-
τροπαῖον	τροπαῖον	30	n	-	s	-	-	-	n	a	-
:	punc1	31	u	-	-	-	-	-	-	-	-

Κερκυραῖοι	Κερυκυραῖος	1	n	-	p	-	-	-	m	n	-
δὲ	δέ	2	d	-	-	-	-	-	-	-	-
τριάκοντα	τριάκοντα	3	a	-	-	-	-	-	-	-	-
ναῦς	ναῦς	4	n	-	p	-	-	-	f	a	-
μάλιστα	μάλιστα	5	d	-	-	-	-	-	-	-	-
διαφθείραντες	διαφθείρω	6	v	-	p	a	p	a	m	n	-
,	punc1	7	u	-	-	-	-	-	-	-	-
καὶ	καί	8	d	-	-	-	-	-	-	-	-
ἐπειδὴ	ἐπεί	9	c	-	-	-	-	-	-	-	-
Ἀθηναῖοι	Ἀθηναῖος	10	n	-	p	-	-	-	m	n	-
ἦλθον	ἔρχομαι	11	v	3	p	a	i	a	-	-	-
,	punc1	12	u	-	-	-	-	-	-	-	-
ἀνελόμενοι	ἀναιρέω	13	v	-	p	a	p	m	m	n	-
τὰ	ὁ	14	l	-	p	-	-	-	n	a	-
κατὰ	κατά	15	r	-	-	-	-	-	-	-	-
σφᾶς	σφεῖς	16	p	-	p	-	-	-	m	a	-
αὐτοὺς	αὐτός	17	a	-	p	-	-	-	m	a	_
ναυάγια	ναυάγιον	18	n	-	p	-	-	-	n	a	-
καὶ	καί	19	c	-	-	-	-	-	-	-	-
νεκρούς	νεκρός	20	n	-	p	-	-	-	m	a	-
,	punc1	21	u	-	-	-	-	-	-	-	-
καὶ	καί	22	c	-	-	-	-	-	-	-	-
ὅτι	ὅτι2	23	c	-	-	-	-	-	-	-	-
αὐτοῖς	αὐτός	24	p	-	p	-	-	-	m	d	-
τῇ	ὁ	25	l	-	s	-	-	-	f	d	-
τε	τε	26	d	-	-	-	-	-	-	-	-
προτεραίᾳ	προτεραῖος	27	a	-	s	-	-	-	f	d	-
πρύμναν	πρύμνα	28	n	-	s	-	-	-	f	a	-
κρουόμενοι	κρούω	29	v	-	p	p	p	e	m	n	-
ὑπεχώρησαν	ὑποχωρέω	30	v	3	p	a	i	a	-	-	-
οἱ	ὁ	31	l	-	p	-	-	-	m	n	-
Κορίνθιοι	Κορίνθιος	32	n	-	p	-	-	-	m	n	-
ἰδόντες	εἶδον	33	v	-	p	a	p	a	m	n	-
τὰς	ὁ	34	l	-	p	-	-	-	f	a	-
Ἀττικὰς	Ἀττικός	35	a	-	p	-	-	-	f	a	-
ναῦς	ναῦς	36	n	-	p	-	-	-	f	a	-
,	punc1	37	u	-	-	-	-	-	-	-	-
καὶ	καί	38	c	-	-	-	-	-	-	-	-
ἐπειδὴ	ἐπεί	39	c	-	-	-	-	-	-	-	-
ἦλθον	ἔρχομαι	40	v	3	p	a	i	a	-	-	-
οἱ	ὁ	41	l	-	p	-	-	-	m	n	-
Ἀθηναῖοι	Ἀθηναῖος	42	n	-	p	-	-	-	m	n	-
,	punc1	43	u	-	-	-	-	-	-	-	-
οὐκ	οὐ	44	d	-	-	-	-	-	-	-	-
ἀντεπέπλεον	ἀντί-ἐπιπλέω	45	v	3	p	i	i	a	-	-	-
ἐκ	ἐκ	46	r	-	-	-	-	-	-	-	-
τῶν	ὁ	47	l	-	p	-	-	-	n	g	-
Συβότων	Σύβοτα	48	n	-	p	-	-	-	n	g	-
,	punc1	49	u	-	-	-	-	-	-	-	-
διὰ	διά	50	r	-	-	-	-	-	-	-	-
ταῦτα	οὗτος	51	p	-	p	-	-	-	n	a	-
τροπαῖον	τροπαῖον	52	n	-	s	-	-	-	n	a	-
ἔστησαν	ἵστημι	53	v	3	p	a	i	a	-	-	-
.	punc1	54	u	-	-	-	-	-	-	-	-

οὕτω	οὕτως	1	d	-	-	-	-	-	-	-	-
μὲν	μέν	2	d	-	-	-	-	-	-	-	-
ἑκάτεροι	ἑκάτερος	3	a	-	p	-	-	-	m	n	-
νικᾶν	νικάω	4	v	-	-	p	n	a	-	-	-
ἠξίουν	ἀξιόω	5	v	3	p	i	i	a	-	-	-
:	punc1	6	u	-	-	-	-	-	-	-	-

οἱ	ὁ	1	l	-	p	-	-	-	m	n	-
δὲ	δέ	2	d	-	-	-	-	-	-	-	-
Κορίνθιοι	Κορίνθιος	3	n	-	p	-	-	-	m	n	-
ἀποπλέοντες	ἀποπλέω	4	v	-	p	p	p	a	m	n	-
ἐπ᾽	ἐπί	5	r	-	-	-	-	-	-	-	-
οἴκου	οἶκος	6	n	-	s	-	-	-	m	g	-
Ἀνακτόριον	Ἀνακτόριον	7	n	-	s	-	-	-	n	a	-
,	punc1	8	u	-	-	-	-	-	-	-	-
ὅ	ὅς	9	p	-	s	-	-	-	n	n	-
ἐστιν	εἰμί	10	v	3	s	p	i	a	-	-	-
ἐπὶ	ἐπί	11	r	-	-	-	-	-	-	-	-
τῷ	ὁ	12	l	-	s	-	-	-	n	d	-
στόματι	στόμα	13	n	-	s	-	-	-	n	d	-
τοῦ	ὁ	14	l	-	s	-	-	-	m	g	-
Ἀμπρακικοῦ	Ἀμπρακικός	15	a	-	s	-	-	-	m	g	-
κόλπου	κόλπος	16	n	-	s	-	-	-	m	g	-
,	punc1	17	u	-	-	-	-	-	-	-	-
εἷλον	αἱρέω	18	v	3	p	a	i	a	-	-	-
ἀπάτῃ	ἀπάτη	19	n	-	s	-	-	-	f	d	-
(	punc1	20	u	-	-	-	-	-	-	-	-
ἦν	εἰμί	21	v	3	s	i	i	a	-	-	-
δὲ	δέ	22	d	-	-	-	-	-	-	-	-
κοινὸν	κοινός	23	a	-	s	-	-	-	n	n	-
Κερκυραίων	Κερυκυραῖος	24	n	-	p	-	-	-	m	g	-
καὶ	καί	25	c	-	-	-	-	-	-	-	-
ἐκείνων	ἐκεῖνος	26	p	-	p	-	-	-	m	g	-
)	punc1	27	u	-	-	-	-	-	-	-	-
καὶ	καί	28	d	-	-	-	-	-	-	-	-
καταστήσαντες	καθίστημι	29	v	-	p	a	p	a	m	n	-
ἐν	ἐν	30	r	-	-	-	-	-	-	-	-
αὐτῷ	αὐτός	31	p	-	s	-	-	-	n	d	-
Κορινθίους	Κορίνθιος	32	a	-	p	-	-	-	m	a	-
οἰκήτορας	οἰκήτωρ	33	n	-	p	-	-	-	m	a	-
ἀνεχώρησαν	ἀναχωρέω	34	v	3	p	a	i	a	-	-	-
ἐπ᾽	ἐπί	35	r	-	-	-	-	-	-	-	-
οἴκου	οἶκος	36	n	-	s	-	-	-	m	g	-
,	punc1	37	u	-	-	-	-	-	-	-	-
καὶ	καί	38	c	-	-	-	-	-	-	-	-
τῶν	ὁ	39	l	-	p	-	-	-	f	g	-
Κερκυραίων	Κερυκυραῖος	40	n	-	p	-	-	-	m	g	-
ὀκτακοσίους	ὀκτακόσιοι	41	a	-	p	-	-	-	m	a	-
μὲν	μέν	42	d	-	-	-	-	-	-	-	-
οἳ	ὅς	43	p	-	p	-	-	-	m	n	-
ἦσαν	εἰμί	44	v	3	p	i	i	a	-	-	-
δοῦλοι	δοῦλος	45	n	-	p	-	-	-	m	n	-
ἀπέδοντο	ἀποδίδωμι	46	v	3	p	a	i	m	-	-	-
,	punc1	47	u	-	-	-	-	-	-	-	-
πεντήκοντα	πεντήκοντα	48	a	-	-	-	-	-	-	-	-
δὲ	δέ	49	c	-	-	-	-	-	-	-	-
καὶ	καί	50	c	-	-	-	-	-	-	-	-
διακοσίους	διακόσιοι	51	a	-	p	-	-	-	m	a	-
δήσαντες	δέω1	52	v	-	p	a	p	a	m	n	-
ἐφύλασσον	φυλάσσω	53	v	3	p	i	i	a	-	-	-
καὶ	καί	54	c	-	-	-	-	-	-	-	-
ἐν	ἐν	55	r	-	-	-	-	-	-	-	-
θεραπείᾳ	θεραπείη	56	n	-	s	-	-	-	f	d	-
εἶχον	ἔχω	57	v	3	p	i	i	a	-	-	-
πολλῇ	πολύς	58	a	-	s	-	-	-	f	d	-
,	punc1	59	u	-	-	-	-	-	-	-	-
ὅπως	ὅπως	60	c	-	-	-	-	-	-	-	-
αὐτοῖς	αὐτός	61	p	-	p	-	-	-	m	d	-
τὴν	ὁ	62	l	-	s	-	-	-	f	a	-
Κέρκυραν	Κέρκυρα	63	n	-	s	-	-	-	f	a	-
ἀναχωρήσαντες	ἀναχωρέω	64	v	-	p	a	p	a	m	n	-
προσποιήσειαν	προσποιέω	65	v	3	p	a	o	a	-	-	-
:	punc1	66	u	-	-	-	-	-	-	-	-

ἐτύγχανον	τυγχάνω	1	v	3	p	i	i	a	-	-	-
δὲ	δέ	2	d	-	-	-	-	-	-	-	-
καὶ	καί	3	d	-	-	-	-	-	-	-	-
δυνάμει	δύναμις	4	n	-	s	-	-	-	f	d	-
αὐτῶν	αὐτός	5	p	-	p	-	-	-	m	g	-
οἱ	ὁ	6	l	-	p	-	-	-	m	n	-
πλείους	πλείων	7	a	-	p	-	-	-	m	n	c
πρῶτοι	πρῶτος	8	a	-	p	-	-	-	m	n	-
ὄντες	εἰμί	9	v	-	p	p	p	a	m	n	-
τῆς	ὁ	10	l	-	s	-	-	-	f	g	-
πόλεως	πόλις	11	n	-	s	-	-	-	f	g	-
.	punc1	12	u	-	-	-	-	-	-	-	-

ἡ	ὁ	1	l	-	s	-	-	-	f	n	-
μὲν	μέν	2	d	-	-	-	-	-	-	-	-
οὖν	οὖν	3	d	-	-	-	-	-	-	-	-
Κέρκυρα	Κέρκυρα	4	n	-	s	-	-	-	f	n	-
οὕτω	οὕτως	5	d	-	-	-	-	-	-	-	-
περιγίγνεται	περιγίγνομαι	6	v	3	s	p	i	e	-	-	-
τῷ	ὁ	7	l	-	s	-	-	-	m	d	-
πολέμῳ	πόλεμος	8	n	-	s	-	-	-	m	d	-
τῶν	ὁ	9	l	-	p	-	-	-	m	g	-
Κορινθίων	Κορίνθιος	10	n	-	p	-	-	-	m	g	-
,	punc1	11	u	-	-	-	-	-	-	-	-
καὶ	καί	12	c	-	-	-	-	-	-	-	-
αἱ	ὁ	13	l	-	p	-	-	-	f	n	-
νῆες	ναῦς	14	n	-	p	-	-	-	f	n	-
τῶν	ὁ	15	l	-	p	-	-	-	m	g	-
Ἀθηναίων	Ἀθηναῖος	16	n	-	p	-	-	-	m	g	-
ἀνεχώρησαν	ἀναχωρέω	17	v	3	p	a	i	a	-	-	-
ἐξ	ἐκ	18	r	-	-	-	-	-	-	-	-
αὐτῆς	αὐτός	19	p	-	s	-	-	-	f	g	-
:	punc1	20	u	-	-	-	-	-	-	-	-

αἰτία	αἰτία	1	n	-	s	-	-	-	f	n	-
δὲ	δέ	2	d	-	-	-	-	-	-	-	-
αὕτη	οὗτος	3	p	-	s	-	-	-	f	n	-
πρώτη	πρῶτος	4	a	-	s	-	-	-	f	n	-
ἐγένετο	γίγνομαι	5	v	3	s	a	i	m	-	-	-
τοῦ	ὁ	6	l	-	s	-	-	-	m	g	-
πολέμου	πόλεμος	7	n	-	s	-	-	-	m	g	-
τοῖς	ὁ	8	l	-	p	-	-	-	m	d	-
Κορινθίοις	Κορίνθιος	9	n	-	p	-	-	-	m	d	-
ἐς	εἰς	10	r	-	-	-	-	-	-	-	-
τοὺς	ὁ	11	l	-	p	-	-	-	m	a	-
Ἀθηναίους	Ἀθηναῖος	12	n	-	p	-	-	-	m	a	-
,	punc1	13	u	-	-	-	-	-	-	-	-
ὅτι	ὅτι2	14	c	-	-	-	-	-	-	-	-
σφίσιν	σφεῖς	15	p	-	p	-	-	-	m	d	-
ἐν	ἐν	16	r	-	-	-	-	-	-	-	-
σπονδαῖς	σπονδή	17	n	-	p	-	-	-	f	d	-
μετὰ	μετά	18	r	-	-	-	-	-	-	-	-
Κερκυραίων	Κερυκυραῖος	19	n	-	p	-	-	-	m	g	-
ἐναυμάχουν	ναυμαχέω	20	v	3	p	i	i	a	-	-	-
.	punc1	21	u	-	-	-	-	-	-	-	-

μετὰ	μετά	1	r	-	-	-	-	-	-	-	-
ταῦτα	οὗτος	2	p	-	p	-	-	-	n	a	-
δ᾽	δέ	3	d	-	-	-	-	-	-	-	-
εὐθὺς	εὐθύς2	4	d	-	-	-	-	-	-	-	-
καὶ	καί	5	d	-	-	-	-	-	-	-	-
τάδε	ὅδε	6	a	-	p	-	-	-	n	n	_
ξυνέβη	συμβαίνω	7	v	3	s	a	i	a	-	-	-
γενέσθαι	γίγνομαι	8	v	-	-	a	n	m	-	-	-
τοῖς	ὁ	9	l	-	p	-	-	-	m	d	-
Ἀθηναίοις	Ἀθηναῖος	10	n	-	p	-	-	-	m	d	-
καὶ	καί	11	c	-	-	-	-	-	-	-	-
Πελοποννησίοις	Πελοποννήσιοι	12	n	-	p	-	-	-	m	d	-
διάφορα	διάφορον	13	n	-	p	-	-	-	n	n	-
ἐς	εἰς	14	r	-	-	-	-	-	-	-	-
τὸ	ὁ	15	l	-	s	-	-	-	n	a	-
πολεμεῖν	πολεμέω	16	v	-	-	p	n	a	-	-	-
.	punc1	17	u	-	-	-	-	-	-	-	-

τῶν	ὁ	1	l	-	p	-	-	-	m	g	-
γὰρ	γάρ	2	d	-	-	-	-	-	-	-	-
Κορινθίων	Κορίνθιος	3	n	-	p	-	-	-	m	g	-
πρασσόντων	πράσσω	4	v	-	p	p	p	a	m	g	-
ὅπως	ὅπως	5	c	-	-	-	-	-	-	-	-
τιμωρήσονται	τιμωρέω	6	v	3	p	f	i	m	-	-	-
αὐτούς	αὐτός	7	p	-	p	-	-	-	m	a	-
,	punc1	8	u	-	-	-	-	-	-	-	-
ὑποτοπήσαντες	ὑποτοπέω	9	v	-	p	a	p	a	m	n	-
τὴν	ὁ	10	l	-	s	-	-	-	f	a	-
ἔχθραν	ἔχθρη	11	n	-	s	-	-	-	f	a	-
αὐτῶν	αὐτός	12	p	-	p	-	-	-	m	g	-
οἱ	ὁ	13	l	-	p	-	-	-	m	n	-
Ἀθηναῖοι	Ἀθηναῖος	14	n	-	p	-	-	-	m	n	-
Ποτειδεάτας	Ποτειδεάτης	15	n	-	p	-	-	-	m	a	-
,	punc1	16	u	-	-	-	-	-	-	-	-
οἳ	ὅς	17	p	-	p	-	-	-	m	n	-
οἰκοῦσιν	οἰκέω	18	v	3	p	p	i	a	-	-	-
ἐπὶ	ἐπί	19	r	-	-	-	-	-	-	-	-
τῷ	ὁ	20	l	-	s	-	-	-	m	d	-
ἰσθμῷ	ἰσθμός	21	n	-	s	-	-	-	m	d	-
τῆς	ὁ	22	l	-	s	-	-	-	f	g	-
Παλλήνης	Παλλήνη	23	n	-	s	-	-	-	f	g	-
,	punc1	24	u	-	-	-	-	-	-	-	-
Κορινθίων	Κορίνθιος	25	n	-	p	-	-	-	m	g	-
ἀποίκους	ἄποικος	26	a	-	p	-	-	-	m	a	-
,	punc1	27	u	-	-	-	-	-	-	-	-
ἑαυτῶν	ἑαυτοῦ	28	p	-	p	-	-	-	m	g	-
δὲ	δέ	29	c	-	-	-	-	-	-	-	-
ξυμμάχους	σύμμαχος	30	n	-	p	-	-	-	m	a	-
φόρου	φόρος	31	n	-	s	-	-	-	m	g	-
ὑποτελεῖς	ὑποτελής	32	a	-	p	-	-	-	m	a	-
,	punc1	33	u	-	-	-	-	-	-	-	-
ἐκέλευον	κελεύω	34	v	3	p	i	i	a	-	-	-
τὸ	ὁ	35	l	-	s	-	-	-	n	a	-
ἐς	εἰς	36	r	-	-	-	-	-	-	-	-
Παλλήνην	Παλλήνη	37	n	-	s	-	-	-	f	a	-
τεῖχος	τεῖχος	38	n	-	s	-	-	-	n	a	-
καθελεῖν	καθαιρέω	39	v	-	-	a	n	a	-	-	-
καὶ	καί	40	d	-	-	-	-	-	-	-	-
ὁμήρους	ὅμηρος	41	n	-	p	-	-	-	m	a	-
δοῦναι	δίδωμι	42	v	-	-	a	n	a	-	-	-
,	punc1	43	u	-	-	-	-	-	-	-	-
τούς	ὁ	44	l	-	p	-	-	-	m	a	-
τε	τε	45	d	-	-	-	-	-	-	-	-
ἐπιδημιουργοὺς	ἐπιδημιουργοί	46	n	-	p	-	-	-	m	a	-
ἐκπέμπειν	ἐκπέμπω	47	v	-	-	p	n	a	-	-	-
καὶ	καί	48	c	-	-	-	-	-	-	-	-
τὸ	ὁ	49	l	-	s	-	-	-	n	a	-
λοιπὸν	λοιπός	50	a	-	s	-	-	-	n	a	-
μὴ	μή	51	d	-	-	-	-	-	-	-	-
δέχεσθαι	δέχομαι	52	v	-	-	p	n	e	-	-	-
οὓς	ὅς	53	p	-	p	-	-	-	m	a	-
κατὰ	κατά	54	r	-	-	-	-	-	-	-	-
ἔτος	ἔτος	55	n	-	s	-	-	-	n	a	-
ἕκαστον	ἕκαστος	56	a	-	s	-	-	-	n	a	-
Κορίνθιοι	Κορίνθιος	57	n	-	p	-	-	-	m	n	-
ἔπεμπον	πέμπω	58	v	3	p	i	i	a	-	-	-
,	punc1	59	u	-	-	-	-	-	-	-	-
δείσαντες	δείδω	60	v	-	p	a	p	a	m	n	-
μὴ	μή	61	c	-	-	-	-	-	-	-	-
ἀποστῶσιν	ἀφεστήξω	62	v	3	p	a	s	a	-	-	-
ὑπό	ὑπό	63	r	-	-	-	-	-	-	-	-
τε	τε	64	d	-	-	-	-	-	-	-	-
Περδίκκου	Περδίκκας	65	n	-	s	-	-	-	m	g	-
πειθόμενοι	πείθω	66	v	-	p	p	p	e	m	n	-
καὶ	καί	67	c	-	-	-	-	-	-	-	-
Κορινθίων	Κορίνθιος	68	n	-	p	-	-	-	m	g	-
,	punc1	69	u	-	-	-	-	-	-	-	-
τούς	ὁ	70	l	-	p	-	-	-	m	a	-
τε	τε	71	c	-	-	-	-	-	-	-	-
ἄλλους	ἄλλος	72	a	-	p	-	-	-	m	a	_
τοὺς	ὁ	73	l	-	p	-	-	-	m	a	-
ἐπὶ	ἐπί	74	r	-	-	-	-	-	-	-	-
Θρᾴκης	Θρᾳκία	75	n	-	s	-	-	-	f	g	-
ξυναποστήσωσι	συναφίστημι	76	v	3	p	a	s	a	-	-	-
ξυμμάχους	σύμμαχος	77	n	-	p	-	-	-	m	a	-
.	punc1	78	u	-	-	-	-	-	-	-	-

ταῦτα	οὗτος	1	p	-	p	-	-	-	n	a	-
δὲ	δέ	2	d	-	-	-	-	-	-	-	-
περὶ	περί	3	r	-	-	-	-	-	-	-	-
τοὺς	ὁ	4	l	-	p	-	-	-	m	a	-
Ποτειδεάτας	Ποτειδεάτης	5	n	-	p	-	-	-	m	a	-
οἱ	ὁ	6	l	-	p	-	-	-	m	n	-
Ἀθηναῖοι	Ἀθηναῖος	7	n	-	p	-	-	-	m	n	-
προπαρεσκευάζοντο	προπαρασκευάζω	8	v	3	p	i	i	e	-	-	-
εὐθὺς	εὐθύς2	9	d	-	-	-	-	-	-	-	-
μετὰ	μετά	10	r	-	-	-	-	-	-	-	-
τὴν	ὁ	11	l	-	s	-	-	-	f	a	-
ἐν	ἐν	12	r	-	-	-	-	-	-	-	-
Κερκύρᾳ	Κέρκυρα	13	n	-	s	-	-	-	f	d	-
ναυμαχίαν	ναυμαχία	14	n	-	s	-	-	-	f	a	-
:	punc1	15	u	-	-	-	-	-	-	-	-

οἵ	ὁ	1	l	-	p	-	-	-	m	n	-
τε	τε	2	d	-	-	-	-	-	-	-	-
γὰρ	γάρ	3	d	-	-	-	-	-	-	-	-
Κορίνθιοι	Κορίνθιος	4	n	-	p	-	-	-	m	n	-
φανερῶς	φανερός	5	d	-	-	-	-	-	-	-	-
ἤδη	ἤδη	6	d	-	-	-	-	-	-	-	-
διάφοροι	διάφορος	7	a	-	p	-	-	-	m	n	-
ἦσαν	εἰμί	8	v	3	p	i	i	a	-	-	-
,	punc1	9	u	-	-	-	-	-	-	-	-
Περδίκκας	Περδίκκας	10	n	-	s	-	-	-	m	n	-
τε	τε	11	c	-	-	-	-	-	-	-	-
ὁ	ὁ	12	l	-	s	-	-	-	m	n	-
Ἀλεξάνδρου	Ἀλέξανδρος	13	n	-	s	-	-	-	m	g	-
Μακεδόνων	Μακεδών	14	n	-	p	-	-	-	m	g	-
βασιλεὺς	βασιλεύς	15	n	-	s	-	-	-	m	n	-
ἐπεπολέμωτο	πολεμόω	16	v	3	s	l	i	e	-	-	-
ξύμμαχος	σύμμαχος	17	n	-	s	-	-	-	m	n	-
πρότερον	πρότερος	18	a	-	s	-	-	-	n	a	-
καὶ	καί	19	c	-	-	-	-	-	-	-	-
φίλος	φίλος	20	n	-	s	-	-	-	m	n	-
ὤν	εἰμί	21	v	-	s	p	p	a	m	n	-
.	punc1	22	u	-	-	-	-	-	-	-	-

ἐπολεμώθη	πολεμόω	1	v	3	s	a	i	p	-	-	-
δὲ	δέ	2	d	-	-	-	-	-	-	-	-
ὅτι	ὅτι2	3	c	-	-	-	-	-	-	-	-
Φιλίππῳ	Φίλιππος	4	n	-	s	-	-	-	m	d	-
τῷ	ὁ	5	l	-	s	-	-	-	m	d	-
ἑαυτοῦ	ἑαυτοῦ	6	p	-	s	-	-	-	m	g	-
ἀδελφῷ	ἀδελφός	7	n	-	s	-	-	-	m	d	-
καὶ	καί	8	c	-	-	-	-	-	-	-	-
Δέρδᾳ	Δέρδης	9	n	-	s	-	-	-	m	d	-
κοινῇ	κοινῇ	10	d	-	-	-	-	-	-	-	-
πρὸς	πρός	11	r	-	-	-	-	-	-	-	-
αὐτὸν	αὐτός	12	p	-	s	-	-	-	m	a	-
ἐναντιουμένοις	ἐν-ἀντιόομαι	13	v	-	p	p	p	e	m	d	-
οἱ	ὁ	14	l	-	p	-	-	-	m	n	-
Ἀθηναῖοι	Ἀθηναῖος	15	n	-	p	-	-	-	m	n	-
ξυμμαχίαν	συμμαχία	16	n	-	s	-	-	-	f	a	-
ἐποιήσαντο	ποιέω	17	v	3	p	a	i	m	-	-	-
.	punc1	18	u	-	-	-	-	-	-	-	-

δεδιώς	δείδω	1	v	-	s	r	p	a	m	n	-
τε	τε	2	d	-	-	-	-	-	-	-	-
ἔπρασσεν	πράσσω	3	v	3	s	i	i	a	-	-	-
ἔς	εἰς	4	r	-	-	-	-	-	-	-	-
τε	τε	5	c	-	-	-	-	-	-	-	-
τὴν	ὁ	6	l	-	s	-	-	-	f	a	-
Λακεδαίμονα	Λακεδαίμων	7	n	-	s	-	-	-	f	a	-
πέμπων	πέμπω	8	v	-	s	p	p	a	m	n	-
ὅπως	ὅπως	9	c	-	-	-	-	-	-	-	-
πόλεμος	πόλεμος	10	n	-	s	-	-	-	m	n	-
γένηται	γίγνομαι	11	v	3	s	a	s	m	-	-	-
αὐτοῖς	αὐτός	12	p	-	p	-	-	-	m	d	-
πρὸς	πρός	13	r	-	-	-	-	-	-	-	-
Πελοποννησίους	Πελοποννήσιοι	14	n	-	p	-	-	-	m	a	-
,	punc1	15	u	-	-	-	-	-	-	-	-
καὶ	καί	16	c	-	-	-	-	-	-	-	-
τοὺς	ὁ	17	l	-	p	-	-	-	m	a	-
Κορινθίους	Κορίνθιος	18	n	-	p	-	-	-	m	a	-
προσεποιεῖτο	προσποιέω	19	v	3	s	i	i	e	-	-	-
τῆς	ὁ	20	l	-	s	-	-	-	f	g	-
Ποτειδαίας	Ποτείδαια	21	n	-	s	-	-	-	f	g	-
ἕνεκα	ἕνεκα	22	r	-	-	-	-	-	-	-	-
ἀποστάσεως	ἀπόστασις	23	n	-	s	-	-	-	f	g	-
:	punc1	24	u	-	-	-	-	-	-	-	-

προσέφερε	προσφέρω	1	v	3	s	i	i	a	-	-	-
δὲ	δέ	2	d	-	-	-	-	-	-	-	-
λόγους	λόγος	3	n	-	p	-	-	-	m	a	-
καὶ	καί	4	d	-	-	-	-	-	-	-	-
τοῖς	ὁ	5	l	-	p	-	-	-	m	d	-
ἐπὶ	ἐπί	6	r	-	-	-	-	-	-	-	-
Θρᾴκης	Θρᾳκία	7	n	-	s	-	-	-	f	g	-
Χαλκιδεῦσι	Χαλκιδεύς	8	n	-	p	-	-	-	m	d	-
καὶ	καί	9	c	-	-	-	-	-	-	-	-
Βοττιαίοις	Βοττιαῖος	10	n	-	p	-	-	-	m	d	-
ξυναποστῆναι	συναφίστημι	11	v	-	-	a	n	a	-	-	-
,	punc1	12	u	-	-	-	-	-	-	-	-
νομίζων	νομίζω	13	v	-	s	p	p	a	m	n	-
,	punc1	14	u	-	-	-	-	-	-	-	-
εἰ	εἰ	15	c	-	-	-	-	-	-	-	-
ξύμμαχα	σύμμαχος	16	a	-	p	-	-	-	n	a	-
ταῦτα	οὗτος	17	p	-	p	-	-	-	n	a	-
ἔχοι	ἔχω	18	v	3	s	p	o	a	-	-	-
ὅμορα	ὅμορος	19	a	-	p	-	-	-	n	a	-
ὄντα	εἰμί	20	v	-	p	p	p	a	n	a	-
τὰ	ὁ	21	l	-	p	-	-	-	n	a	-
χωρία	χωρίον	22	n	-	p	-	-	-	n	a	-
,	punc1	23	u	-	-	-	-	-	-	-	-
ῥᾷον	ῥάιος	24	a	-	s	-	-	-	n	a	-
ἂν	ἄν1	25	d	-	-	-	-	-	-	-	-
τὸν	ὁ	26	l	-	s	-	-	-	m	a	-
πόλεμον	πόλεμος	27	n	-	s	-	-	-	m	a	-
μετ᾽	μετά	28	r	-	-	-	-	-	-	-	-
αὐτῶν	αὐτός	29	p	-	p	-	-	-	m	g	-
ποιεῖσθαι	ποιέω	30	v	-	-	p	n	e	-	-	-
.	punc1	31	u	-	-	-	-	-	-	-	-

ὧν	ὅς	1	p	-	p	-	-	-	n	g	-
οἱ	ὁ	2	l	-	p	-	-	-	m	n	-
Ἀθηναῖοι	Ἀθηναῖος	3	n	-	p	-	-	-	m	n	-
αἰσθόμενοι	αἰσθάνομαι	4	v	-	p	a	p	m	m	n	-
καὶ	καί	5	c	-	-	-	-	-	-	-	-
βουλόμενοι	βούλομαι	6	v	-	p	p	p	e	m	n	-
προκαταλαμβάνειν	προκαταλαμβάνω	7	v	-	-	p	n	a	-	-	-
τῶν	ὁ	8	l	-	p	-	-	-	f	g	-
πόλεων	πόλις	9	n	-	p	-	-	-	f	g	-
τὰς	ὁ	10	l	-	p	-	-	-	f	a	-
ἀποστάσεις	ἀπόστασις	11	n	-	p	-	-	-	f	n	-
(	punc1	12	u	-	-	-	-	-	-	-	-
ἔτυχον	τυγχάνω	13	v	3	p	a	i	a	-	-	-
γὰρ	γάρ	14	d	-	-	-	-	-	-	-	-
τριάκοντα	τριάκοντα	15	a	-	-	-	-	-	-	-	-
ναῦς	ναῦς	16	n	-	p	-	-	-	f	a	-
ἀποστέλλοντες	ἀποστέλλω	17	v	-	p	p	p	a	m	n	-
καὶ	καί	18	c	-	-	-	-	-	-	-	-
χιλίους	χίλιοι	19	a	-	p	-	-	-	m	a	-
ὁπλίτας	ὁπλίτης	20	n	-	p	-	-	-	m	a	-
ἐπὶ	ἐπί	21	r	-	-	-	-	-	-	-	-
τὴν	ὁ	22	l	-	s	-	-	-	f	a	-
γῆν	γῆ	23	n	-	s	-	-	-	f	a	-
αὐτοῦ	αὐτός	24	p	-	s	-	-	-	m	g	-
,	punc1	25	u	-	-	-	-	-	-	-	-
Ἀρχεστράτου	Ἀρχέστρατος	26	n	-	s	-	-	-	m	g	-
τοῦ	ὁ	27	l	-	s	-	-	-	m	g	-
Λυκομήδους	Λυκομήδης	28	n	-	s	-	-	-	m	g	-
μετ᾽	μετά	29	r	-	-	-	-	-	-	-	-
ἄλλων	ἄλλος	30	p	-	p	-	-	-	m	g	-
†	punc1	31	u	-	-	-	-	-	-	-	-
δέκα	δέκα	32	a	-	-	-	-	-	-	-	-
†	punc1	33	u	-	-	-	-	-	-	-	-
στρατηγοῦντος	στρατηγέω	34	v	-	s	p	p	a	m	g	-
)	punc1	35	u	-	-	-	-	-	-	-	-
ἐπιστέλλουσι	ἐπιστέλλω	36	v	3	p	p	i	a	-	-	-
τοῖς	ὁ	37	l	-	p	-	-	-	m	d	-
ἄρχουσι	ἄρχων	38	n	-	p	-	-	-	m	d	-
τῶν	ὁ	39	l	-	p	-	-	-	m	g	-
νεῶν	νεώς	40	n	-	p	-	-	-	m	g	-
Ποτειδεατῶν	Ποτειδεάτης	41	n	-	p	-	-	-	m	g	-
τε	τε	42	d	-	-	-	-	-	-	-	-
ὁμήρους	ὅμηρος	43	n	-	p	-	-	-	m	a	-
λαβεῖν	λαμβάνω	44	v	-	-	a	n	a	-	-	-
καὶ	καί	45	c	-	-	-	-	-	-	-	-
τὸ	ὁ	46	l	-	s	-	-	-	n	a	-
τεῖχος	τεῖχος	47	n	-	s	-	-	-	n	a	-
καθελεῖν	καθαιρέω	48	v	-	-	a	n	a	-	-	-
,	punc1	49	u	-	-	-	-	-	-	-	-
τῶν	ὁ	50	l	-	p	-	-	-	f	g	-
τε	τε	51	c	-	-	-	-	-	-	-	-
πλησίον	πλησίος	52	d	-	-	-	-	-	-	-	-
πόλεων	πόλις	53	n	-	p	-	-	-	f	g	-
φυλακὴν	φυλακή	54	n	-	s	-	-	-	f	a	-
ἔχειν	ἔχω	55	v	-	-	p	n	a	-	-	-
ὅπως	ὅπως	56	c	-	-	-	-	-	-	-	-
μὴ	μή	57	d	-	-	-	-	-	-	-	-
ἀποστήσονται	ἀφεστήξω	58	v	3	p	f	i	m	-	-	-
.	punc1	59	u	-	-	-	-	-	-	-	-

Ποτειδεᾶται	Ποτειδεάτης	1	n	-	p	-	-	-	m	n	-
δὲ	δέ	2	d	-	-	-	-	-	-	-	-
πέμψαντες	πέμπω	3	v	-	p	a	p	a	m	n	-
μὲν	μέν	4	d	-	-	-	-	-	-	-	-
καὶ	καί	5	d	-	-	-	-	-	-	-	-
παρ᾽	παρά	6	r	-	-	-	-	-	-	-	-
Ἀθηναίους	Ἀθηναῖος	7	n	-	p	-	-	-	m	a	-
πρέσβεις	πρέσβυς	8	n	-	p	-	-	-	m	n	-
,	punc1	9	u	-	-	-	-	-	-	-	-
εἴ	εἰ	10	c	-	-	-	-	-	-	-	-
πως	πως	11	d	-	-	-	-	-	-	-	-
πείσειαν	πείθω	12	v	3	p	a	o	a	-	-	-
μὴ	μή	13	d	-	-	-	-	-	-	-	-
σφῶν	σφεῖς	14	p	-	p	-	-	-	m	g	-
πέρι	περί	15	r	-	-	-	-	-	-	-	-
νεωτερίζειν	νεωτερίζω	16	v	-	-	p	n	a	-	-	-
μηδέν	μηδείς	17	p	-	s	-	-	-	n	a	-
,	punc1	18	u	-	-	-	-	-	-	-	-
ἐλθόντες	ἔρχομαι	19	v	-	p	a	p	a	m	n	-
δὲ	δέ	20	c	-	-	-	-	-	-	-	-
καὶ	καί	21	d	-	-	-	-	-	-	-	-
ἐς	εἰς	22	r	-	-	-	-	-	-	-	-
τὴν	ὁ	23	l	-	s	-	-	-	f	a	-
Λακεδαίμονα	Λακεδαίμων	24	n	-	s	-	-	-	f	a	-
μετὰ	μετά	25	r	-	-	-	-	-	-	-	-
Κορινθίων	Κορίνθιος	26	n	-	p	-	-	-	m	g	-
,	punc1	27	u	-	-	-	-	-	-	-	-
[	punc1	28	u	-	-	-	-	-	-	-	-
ἔπρασσον	πράσσω	29	v	3	p	i	i	a	-	-	-
]	punc1	30	u	-	-	-	-	-	-	-	-
ὅπως	ὅπως	31	c	-	-	-	-	-	-	-	-
ἑτοιμάσαιντο	ἑτοιμάζω	32	v	3	p	a	o	m	-	-	-
τιμωρίαν	τιμωρία	33	n	-	s	-	-	-	f	a	-
,	punc1	34	u	-	-	-	-	-	-	-	-
ἢν	ἐάν	35	c	-	-	-	-	-	-	-	-
δέῃ	δεῖ	36	v	3	s	p	s	a	-	-	-
,	punc1	37	u	-	-	-	-	-	-	-	-
ἐπειδὴ	ἐπεί	38	c	-	-	-	-	-	-	-	-
ἔκ	ἐκ	39	r	-	-	-	-	-	-	-	-
τε	τε	40	d	-	-	-	-	-	-	-	-
Ἀθηνῶν	Ἀθῆναι	41	n	-	p	-	-	-	f	g	-
ἐκ	ἐκ	42	r	-	-	-	-	-	-	-	-
πολλοῦ	πολύς	43	a	-	s	-	-	-	m	g	-
πράσσοντες	πράσσω	44	v	-	p	p	p	a	m	n	-
οὐδὲν	οὐδείς	45	p	-	s	-	-	-	n	a	-
ηὕροντο	εὑρίσκω	46	v	3	p	a	i	m	-	-	-
ἐπιτήδειον	ἐπιτήδειος	47	a	-	s	-	-	-	n	a	-
,	punc1	48	u	-	-	-	-	-	-	-	-
ἀλλ᾽	ἀλλά	49	c	-	-	-	-	-	-	-	-
αἱ	ὁ	50	l	-	p	-	-	-	f	n	-
νῆες	ναῦς	51	n	-	p	-	-	-	f	n	-
αἱ	ὁ	52	l	-	p	-	-	-	f	n	-
ἐπὶ	ἐπί	53	r	-	-	-	-	-	-	-	-
Μακεδονίαν	Μακεδονία	54	n	-	s	-	-	-	f	a	-
καὶ	καί	55	c	-	-	-	-	-	-	-	-
ἐπὶ	ἐπί	56	r	-	-	-	-	-	-	-	-
σφᾶς	σφεῖς	57	p	-	p	-	-	-	m	a	-
ὁμοίως	ὅμοιος	58	d	-	-	-	-	-	-	-	-
ἔπλεον	πλέω	59	v	3	p	i	i	a	-	-	-
,	punc1	60	u	-	-	-	-	-	-	-	-
καὶ	καί	61	c	-	-	-	-	-	-	-	-
τὰ	ὁ	62	l	-	p	-	-	-	n	n	-
τέλη	τέλος	63	n	-	p	-	-	-	n	n	-
τῶν	ὁ	64	l	-	p	-	-	-	m	g	-
Λακεδαιμονίων	Λακεδαιμόνιος	65	n	-	p	-	-	-	m	g	-
ὑπέσχετο	ὑπισχνέομαι	66	v	3	s	a	i	m	-	-	-
αὐτοῖς	αὐτός	67	p	-	p	-	-	-	m	d	-
,	punc1	68	u	-	-	-	-	-	-	-	-
ἢν	ἐάν	69	c	-	-	-	-	-	-	-	-
ἐπὶ	ἐπί	70	r	-	-	-	-	-	-	-	-
Ποτείδαιαν	Ποτειδαία	71	n	-	s	-	-	-	f	a	-
ἴωσιν	εἰμί	72	v	3	p	p	s	a	-	-	-
Ἀθηναῖοι	Ἀθηναῖος	73	n	-	p	-	-	-	m	n	-
,	punc1	74	u	-	-	-	-	-	-	-	-
ἐς	εἰς	75	r	-	-	-	-	-	-	-	-
τὴν	ὁ	76	l	-	s	-	-	-	f	a	-
Ἀττικὴν	Ἀττική	77	n	-	s	-	-	-	f	a	-
ἐσβαλεῖν	εἰσβάλλω	78	v	-	-	f	n	a	-	-	-
,	punc1	79	u	-	-	-	-	-	-	-	-
τότε	τότε	80	d	-	-	-	-	-	-	-	-
δὴ	δή	81	d	-	-	-	-	-	-	-	-
κατὰ	κατά	82	r	-	-	-	-	-	-	-	-
τὸν	ὁ	83	l	-	s	-	-	-	m	a	-
καιρὸν	καιρός	84	n	-	s	-	-	-	m	a	-
τοῦτον	οὗτος	85	a	-	s	-	-	-	m	a	_
ἀφίστανται	ἀφίστημι	86	v	3	p	p	i	e	-	-	-
μετὰ	μετά	87	r	-	-	-	-	-	-	-	-
Χαλκιδέων	Χαλκιδεύς	88	n	-	p	-	-	-	m	g	-
καὶ	καί	89	c	-	-	-	-	-	-	-	-
Βοττιαίων	Βοττιαῖος	90	n	-	p	-	-	-	m	g	-
κοινῇ	κοινῇ	91	d	-	-	-	-	-	-	-	-
ξυνομόσαντες	συνόμνυμι	92	v	-	p	a	p	a	m	n	-
.	punc1	93	u	-	-	-	-	-	-	-	-

καὶ	καί	1	d	-	-	-	-	-	-	-	-
Περδίκκας	Περδίκκας	2	n	-	s	-	-	-	m	n	-
πείθει	πείθω	3	v	3	s	p	i	a	-	-	-
Χαλκιδέας	Χαλκιδεύς	4	n	-	p	-	-	-	m	a	-
τὰς	ὁ	5	l	-	p	-	-	-	f	a	-
ἐπὶ	ἐπί	6	r	-	-	-	-	-	-	-	-
θαλάσσῃ	θάλασσα	7	n	-	s	-	-	-	f	d	-
πόλεις	πόλις	8	n	-	p	-	-	-	f	a	-
ἐκλιπόντας	ἐκλείπω	9	v	-	p	a	p	a	m	a	-
καὶ	καί	10	c	-	-	-	-	-	-	-	-
καταβαλόντας	καταβάλλω	11	v	-	p	a	p	a	m	a	-
ἀνοικίσασθαι	ἀνοικίζω	12	v	-	-	a	n	m	-	-	-
ἐς	εἰς	13	r	-	-	-	-	-	-	-	-
Ὄλυνθον	Ὄλυνθος	14	n	-	s	-	-	-	m	a	-
μίαν	εἷς	15	a	-	s	-	-	-	f	a	-
τε	τε	16	c	-	-	-	-	-	-	-	-
πόλιν	πόλις	17	n	-	s	-	-	-	f	a	-
ταύτην	οὗτος	18	a	-	s	-	-	-	f	a	_
ἰσχυρὰν	ἰσχυρός	19	a	-	s	-	-	-	f	a	-
ποιήσασθαι	ποιέω	20	v	-	-	a	n	m	-	-	-
:	punc1	21	u	-	-	-	-	-	-	-	-

τοῖς	ὁ	1	l	-	p	-	-	-	m	d	-
τ᾽	τε	2	d	-	-	-	-	-	-	-	-
ἐκλιποῦσι	ἐκλείπω	3	v	-	p	a	p	a	m	d	-
τούτοις	οὗτος	4	p	-	p	-	-	-	m	d	-
τῆς	ὁ	5	l	-	s	-	-	-	f	g	-
ἑαυτοῦ	ἑαυτοῦ	6	p	-	s	-	-	-	m	g	-
γῆς	γῆ	7	n	-	s	-	-	-	f	g	-
τῆς	ὁ	8	l	-	s	-	-	-	f	g	-
Μυγδονίας	Μυγδονία	9	n	-	s	-	-	-	f	g	-
περὶ	περί	10	r	-	-	-	-	-	-	-	-
τὴν	ὁ	11	l	-	s	-	-	-	f	a	-
Βόλβην	Βόλβη	12	n	-	s	-	-	-	f	a	-
λίμνην	λίμνη	13	n	-	s	-	-	-	f	a	-
ἔδωκε	δίδωμι	14	v	3	s	a	i	a	-	-	-
νέμεσθαι	νέμω	15	v	-	-	p	n	e	-	-	-
,	punc1	16	u	-	-	-	-	-	-	-	-
ἕως	ἕως	17	c	-	-	-	-	-	-	-	-
ἂν	ἄν1	18	d	-	-	-	-	-	-	-	-
ὁ	ὁ	19	l	-	s	-	-	-	m	n	-
πρὸς	πρός	20	r	-	-	-	-	-	-	-	-
Ἀθηναίους	Ἀθηναῖος	21	n	-	p	-	-	-	m	a	-
πόλεμος	πόλεμος	22	n	-	s	-	-	-	m	n	-
ᾖ	εἰμί	23	v	3	s	p	s	a	-	-	-
.	punc1	24	u	-	-	-	-	-	-	-	-

καὶ	καί	1	d	-	-	-	-	-	-	-	-
οἱ	ὁ	2	l	-	p	-	-	-	m	n	-
μὲν	μέν	3	d	-	-	-	-	-	-	-	-
ἀνῳκίζοντό	ἀνοικίζω	4	v	3	p	i	i	e	-	-	-
τε	τε	5	d	-	-	-	-	-	-	-	-
καθαιροῦντες	καθαιρέω	6	v	-	p	p	p	a	m	n	-
τὰς	ὁ	7	l	-	p	-	-	-	f	a	-
πόλεις	πόόλις	8	n	-	p	-	-	-	f	a	-
καὶ	καί	9	c	-	-	-	-	-	-	-	-
ἐς	εἰς	10	r	-	-	-	-	-	-	-	-
πόλεμον	πόλεμος	11	n	-	s	-	-	-	m	a	-
παρεσκευάζοντο	παρασκευάζω	12	v	3	p	i	i	e	-	-	-
:	punc1	13	u	-	-	-	-	-	-	-	-

αἱ	ὁ	1	l	-	p	-	-	-	f	n	-
δὲ	δέ	2	d	-	-	-	-	-	-	-	-
τριάκοντα	τριάκοντα	3	a	-	-	-	-	-	-	-	-
νῆες	ναῦς	4	n	-	p	-	-	-	f	n	-
τῶν	ὁ	5	l	-	p	-	-	-	m	g	-
Ἀθηναίων	Ἀθηναῖος	6	n	-	p	-	-	-	m	g	-
ἀφικνοῦνται	ἀφικνέομαι	7	v	3	p	p	i	e	-	-	-
ἐς	εἰς	8	r	-	-	-	-	-	-	-	-
τὰ	ὁ	9	l	-	p	-	-	-	n	a	-
ἐπὶ	ἐπί	10	r	-	-	-	-	-	-	-	-
Θρᾴκης	Θρᾳκία	11	n	-	s	-	-	-	f	g	-
,	punc1	12	u	-	-	-	-	-	-	-	-
καὶ	καί	13	c	-	-	-	-	-	-	-	-
καταλαμβάνουσι	καταλαμβάνω	14	v	3	p	p	i	a	-	-	-
τήν	ὁ	15	l	-	s	-	-	-	f	a	-
τε	τε	16	d	-	-	-	-	-	-	-	-
Ποτείδαιαν	Ποτείδαια	17	n	-	s	-	-	-	f	a	-
καὶ	καί	18	c	-	-	-	-	-	-	-	-
τ-	ὁ	19	l	-	p	-	-	-	n	a	-
ἆλλα	ἄλλος	20	p	-	p	-	-	-	n	a	-
ἀφεστηκότα	ἀφίστημι	21	v	-	p	r	p	a	n	a	_
.	punc1	22	u	-	-	-	-	-	-	-	-

νομίσαντες	νομίζω	1	v	-	p	a	p	a	m	n	-
δὲ	δέ	2	d	-	-	-	-	-	-	-	-
οἱ	ὁ	3	l	-	p	-	-	-	m	n	-
στρατηγοὶ	στρατηγός	4	n	-	p	-	-	-	m	n	-
ἀδύνατα	ἀδύνατος	5	a	-	p	-	-	-	n	a	-
εἶναι	εἰμί	6	v	-	-	p	n	a	-	-	-
πρός	πρός	7	r	-	-	-	-	-	-	-	-
τε	τε	8	d	-	-	-	-	-	-	-	-
Περδίκκαν	Περδίκκας	9	n	-	s	-	-	-	m	a	-
πολεμεῖν	πολεμέω	10	v	-	-	p	n	a	-	-	-
τῇ	ὁ	11	l	-	s	-	-	-	f	d	-
παρούσῃ	πάρειμι1	12	v	-	s	p	p	a	f	d	-
δυνάμει	δύναμις	13	n	-	s	-	-	-	f	d	-
καὶ	καί	14	c	-	-	-	-	-	-	-	-
τὰ	ὁ	15	l	-	p	-	-	-	n	a	-
ξυναφεστῶτα	συναφίστημι	16	v	-	p	r	p	a	n	a	-
χωρία	χωρίον	17	n	-	p	-	-	-	n	a	-
τρέπονται	τρέπω	18	v	3	p	p	i	e	-	-	-
ἐπὶ	ἐπί	19	r	-	-	-	-	-	-	-	-
τὴν	ὁ	20	l	-	s	-	-	-	f	a	-
Μακεδονίαν	Μακεδονία	21	n	-	s	-	-	-	f	a	-
,	punc1	22	u	-	-	-	-	-	-	-	-
ἐφ᾽	ἐπί	23	r	-	-	-	-	-	-	-	-
ὅπερ	ὅσπερ	24	p	-	s	-	-	-	n	a	-
καὶ	καί	25	d	-	-	-	-	-	-	-	-
τὸ	ὁ	26	l	-	s	-	-	-	n	a	-
πρῶτον	πρῶτος	27	a	-	s	-	-	-	n	a	-
ἐξεπέμποντο	ἐκπέμπω	28	v	3	p	i	i	e	-	-	-
,	punc1	29	u	-	-	-	-	-	-	-	-
καὶ	καί	30	c	-	-	-	-	-	-	-	-
καταστάντες	καθίστημι	31	v	-	p	a	p	a	m	n	-
ἐπολέμουν	πολεμέω	32	v	3	p	i	i	a	-	-	-
μετὰ	μετά	33	r	-	-	-	-	-	-	-	-
Φιλίππου	Φίλιππος	34	n	-	s	-	-	-	m	g	-
καὶ	καί	35	c	-	-	-	-	-	-	-	-
τῶν	ὁ	36	l	-	p	-	-	-	m	g	-
Δέρδου	Δέρδης	37	n	-	s	-	-	-	m	g	-
ἀδελφῶν	ἀδελφός	38	n	-	p	-	-	-	m	g	-
ἄνωθεν	ἄνωθεν	39	d	-	-	-	-	-	-	-	-
στρατιᾷ	στρατιά	40	n	-	s	-	-	-	f	d	-
ἐσβεβληκότων	εἰσβάλλω	41	v	-	p	r	p	a	m	g	-
.	punc1	42	u	-	-	-	-	-	-	-	-

καὶ	καί	1	d	-	-	-	-	-	-	-	-
ἐν	ἐν	2	r	-	-	-	-	-	-	-	-
τούτῳ	οὗτος	3	p	-	s	-	-	-	n	d	-
οἱ	ὁ	4	l	-	p	-	-	-	m	n	-
Κορίνθιοι	Κορίνθιος	5	n	-	p	-	-	-	m	n	-
,	punc1	6	u	-	-	-	-	-	-	-	-
τῆς	ὁ	7	l	-	s	-	-	-	f	g	-
Ποτειδαίας	Ποτείδαια	8	n	-	s	-	-	-	f	g	-
ἀφεστηκυίας	ἀφίστημι	9	v	-	s	r	p	a	f	g	_
καὶ	καί	10	c	-	-	-	-	-	-	-	-
τῶν	ὁ	11	l	-	p	-	-	-	f	g	-
Ἀττικῶν	Ἀττικός	12	a	-	p	-	-	-	f	g	-
νεῶν	ναῦς	13	n	-	p	-	-	-	f	g	-
περὶ	περί	14	r	-	-	-	-	-	-	-	-
Μακεδονίαν	Μακεδονία	15	n	-	s	-	-	-	f	a	-
οὐσῶν	εἰμί	16	v	-	p	p	p	a	f	g	-
,	punc1	17	u	-	-	-	-	-	-	-	-
δεδιότες	δείδω	18	v	-	p	r	p	a	m	n	-
περὶ	περί	19	r	-	-	-	-	-	-	-	-
τῷ	ὁ	20	l	-	s	-	-	-	n	d	-
χωρίῳ	χωρίον	21	n	-	s	-	-	-	n	d	-
καὶ	καί	22	c	-	-	-	-	-	-	-	-
οἰκεῖον	οἰκεῖος	23	a	-	s	-	-	-	m	a	-
τὸν	ὁ	24	l	-	s	-	-	-	m	a	-
κίνδυνον	κίνδυνος	25	n	-	s	-	-	-	m	a	-
ἡγούμενοι	ἡγέομαι	26	v	-	p	p	p	m	m	n	-
πέμπουσιν	πέμπω	27	v	3	p	p	i	a	-	-	-
ἑαυτῶν	ἑαυτοῦ	28	p	-	p	-	-	-	m	g	-
τε	τε	29	d	-	-	-	-	-	-	-	-
ἐθελοντὰς	ἐθελοντής	30	n	-	p	-	-	-	m	a	-
καὶ	καί	31	c	-	-	-	-	-	-	-	-
τῶν	ὁ	32	l	-	p	-	-	-	m	g	-
ἄλλων	ἄλλος	33	a	-	p	-	-	-	m	g	_
Πελοποννησίων	Πελοποννήσιοι	34	n	-	p	-	-	-	m	g	-
μισθῷ	μισθός	35	n	-	s	-	-	-	m	d	-
πείσαντες	πείθω	36	v	-	p	a	p	a	m	n	-
ἑξακοσίους	ἑξακόσιοι	37	a	-	p	-	-	-	m	a	-
καὶ	καί	38	c	-	-	-	-	-	-	-	-
χιλίους	χίλιοι	39	a	-	p	-	-	-	m	a	-
τοὺς	ὁ	40	l	-	p	-	-	-	m	a	-
πάντας	πᾶς	41	a	-	p	-	-	-	m	a	-
ὁπλίτας	ὁπλίτης	42	n	-	p	-	-	-	m	a	-
καὶ	καί	43	c	-	-	-	-	-	-	-	-
ψιλοὺς	ψιλός	44	a	-	p	-	-	-	m	a	-
τετρακοσίους	τετρακόσιοι	45	a	-	p	-	-	-	m	a	-
.	punc1	46	u	-	-	-	-	-	-	-	-

ἐστρατήγει	στρατηγέω	1	v	3	s	i	i	a	-	-	-
δὲ	δέ	2	d	-	-	-	-	-	-	-	-
αὐτῶν	αὐτός	3	p	-	p	-	-	-	m	g	-
Ἀριστεὺς	Ἀριστεύς	4	n	-	s	-	-	-	m	n	-
ὁ	ὁ	5	l	-	s	-	-	-	m	n	-
Ἀδειμάντου	Ἀδείμαντος	6	n	-	s	-	-	-	m	g	-
,	punc1	7	u	-	-	-	-	-	-	-	-
κατὰ	κατά	8	r	-	-	-	-	-	-	-	-
φιλίαν	φιλία	9	n	-	s	-	-	-	f	a	-
τε	τε	10	c	-	-	-	-	-	-	-	-
αὐτοῦ	αὐτός	11	p	-	s	-	-	-	m	g	-
οὐχ	οὐ	12	d	-	-	-	-	-	-	-	-
ἥκιστα	ἥκιστος	13	a	-	p	-	-	-	n	a	-
οἱ	ὁ	14	l	-	p	-	-	-	m	n	-
πλεῖστοι	πλεῖστος	15	a	-	p	-	-	-	m	n	-
ἐκ	ἐκ	16	r	-	-	-	-	-	-	-	-
Κορίνθου	Κόρινθος	17	n	-	s	-	-	-	f	g	-
στρατιῶται	στρατιώτης	18	n	-	p	-	-	-	m	n	-
ἐθελονταὶ	ἐθελοντής	19	n	-	p	-	-	-	m	n	-
ξυνέσποντο	συνέπομαι	20	v	3	p	a	i	m	-	-	-
:	punc1	21	u	-	-	-	-	-	-	-	-

ἦν	εἰμί	1	v	3	s	i	i	a	-	-	-
γὰρ	γάρ	2	d	-	-	-	-	-	-	-	-
τοῖς	ὁ	3	l	-	p	-	-	-	m	d	-
Ποτειδεάταις	Ποτειδεάτης	4	n	-	p	-	-	-	m	d	-
αἰεί	ἀεί	5	d	-	-	-	-	-	-	-	-
ποτε	ποτέ	6	d	-	-	-	-	-	-	-	-
ἐπιτήδειος	ἐπιτήδειος	7	a	-	s	-	-	-	m	n	-
.	punc1	8	u	-	-	-	-	-	-	-	-

καὶ	καί	1	d	-	-	-	-	-	-	-	-
ἀφικνοῦνται	ἀφικνέομαι	2	v	3	p	p	i	e	-	-	-
τεσσαρακοστῇ	τεσσαρακοστός	3	a	-	s	-	-	-	f	d	-
ἡμέρᾳ	ἡμέρα	4	n	-	s	-	-	-	f	d	-
ὕστερον	ὕστερον	5	n	-	s	-	-	-	n	a	-
ἐπὶ	ἐπί	6	r	-	-	-	-	-	-	-	-
Θρᾴκης	Θρᾳκία	7	n	-	s	-	-	-	f	g	-
ἢ	ἤ1	8	c	-	-	-	-	-	-	-	-
Ποτείδαια	Ποτείδαια	9	n	-	s	-	-	-	f	n	-
ἀπέστη	ἀπίστημι	10	v	3	s	a	i	m	-	-	-
.	punc1	11	u	-	-	-	-	-	-	-	-

